"geographicAreaM49","aquastatElement","ts_length","count_raw","ts_expansion","count_imp","true_imp","share_NA_imp","definitions"
"Afghanistan",4103,53,12,41,53,41,77.3584905660377,"Cultivated area (arable land + permanent crops)"
"Afghanistan",4105,54,12,42,54,42,77.7777777777778,"Rural population"
"Afghanistan",4107,54,12,42,54,42,77.7777777777778,"Population density"
"Afghanistan",4108,33,8,25,33,25,75.7575757575758,"Population economically active in agriculture"
"Afghanistan",4150,53,12,41,53,41,77.3584905660377,"Long-term average annual precipitation in volume"
"Afghanistan",4157,53,12,41,53,41,77.3584905660377,"Total internal renewable water resources (IRWR)"
"Afghanistan",4158,53,12,41,53,41,77.3584905660377,"Total internal renewable water resources per capita"
"Afghanistan",4164,53,12,41,53,41,77.3584905660377,"Surface water: accounted inflow"
"Afghanistan",4176,53,12,41,53,41,77.3584905660377,"Surface water: total external renewable"
"Afghanistan",4182,53,12,41,53,41,77.3584905660377,"Water resources: total external renewable"
"Afghanistan",4185,53,12,41,53,41,77.3584905660377,"Total renewable surface water"
"Afghanistan",4187,53,12,41,53,41,77.3584905660377,"Total renewable groundwater"
"Afghanistan",4188,53,12,41,53,41,77.3584905660377,"Total renewable water resources"
"Afghanistan",4190,53,12,41,53,41,77.3584905660377,"Total renewable water resources per capita"
"Afghanistan",4192,53,12,41,53,41,77.3584905660377,"Dependency ratio"
"Afghanistan",4253,26,3,23,26,23,88.4615384615385,"Total water withdrawal"
"Afghanistan",4254,14,2,12,14,12,85.7142857142857,"Agricultural water withdrawal as % of total water withdrawal"
"Afghanistan",4255,14,2,12,14,12,85.7142857142857,"Municipal water withdrawal as % of total withdrawal"
"Afghanistan",4256,14,2,12,14,12,85.7142857142857,"Industrial water withdrawal as % of total water withdrawal"
"Afghanistan",4257,26,3,23,26,23,88.4615384615385,"Total water withdrawal per capita"
"Afghanistan",4263,26,3,23,26,23,88.4615384615385,"Total freshwater withdrawal (primary and secondary)"
"Afghanistan",4273,12,2,10,12,10,83.3333333333333,"Agricultural water withdrawal as % of total renewable water resources"
"Afghanistan",4275,26,3,23,26,23,88.4615384615385,"MDG 7.5. Freshwater withdrawal as % of total renewable water resources"
"Afghanistan",4311,36,3,33,36,33,91.6666666666667,"Area equipped for full control irrigation: total"
"Afghanistan",4313,36,3,33,36,33,91.6666666666667,"Area equipped for irrigation: total"
"Afghanistan",4317,36,3,33,36,33,91.6666666666667,"Total agricultural water managed area"
"Afghanistan",4319,36,3,33,36,33,91.6666666666667,"% of agricultural water managed area equipped for irrigation"
"Afghanistan",4323,36,2,34,36,34,94.4444444444444,"% of area equipped for irrigation by groundwater"
"Afghanistan",4324,36,2,34,36,34,94.4444444444444,"% of area equipped for irrigation by surface water"
"Afghanistan",4325,1,1,0,1,0,0,"% of area equipped for irrigation by mixed surface water and groundwater"
"Afghanistan",4328,1,1,0,1,0,0,"% of the area equipped for irrigation actually irrigated"
"Afghanistan",4331,36,3,33,36,33,91.6666666666667,"% of the cultivated area equipped for irrigation"
"Afghanistan",4450,26,3,23,26,23,88.4615384615385,"Freshwater withdrawal as % of internal renewable water resources"
"Afghanistan",4457,19,3,16,19,16,84.2105263157895,"Municipal water withdrawal per capita (total population)"
"Afghanistan",4458,54,9,45,54,45,83.3333333333333,"GDP per Capita"
"Afghanistan",4459,1,1,0,1,0,0,"Area equipped for full control irrigation: pressurized (sprinkler + localized)"
"Afghanistan",4462,1,1,0,1,0,0,"Harvested irrigated crop area as % of the full control irrigation area actually irrigated"
"Afghanistan",4463,1,1,0,1,0,0,"% of area equipped for full control irrigation actually irrigated"
"Afghanistan",4464,1,1,0,1,0,0,"Irrigated cropping intensity"
"Afghanistan",4467,26,3,23,26,23,88.4615384615385,"Freshwater withdrawal as % of total water withdrawal"
"Afghanistan",4468,19,3,16,19,16,84.2105263157895,"Municipal water withdrawal per capita (urban population)"
"Afghanistan",4470,53,12,41,53,41,77.3584905660377,"% of total country area cultivated"
"Afghanistan",4471,56,12,44,56,44,78.5714285714286,"Dam capacity per capita"
"Afghanistan",4531,21,3,18,21,18,85.7142857142857,"Industrial water withdrawal per capita"
"Afghanistan",4532,16,2,14,16,14,87.5,"Agricultural water withdrawal per capita"
"Afghanistan",4538,33,8,25,33,25,75.7575757575758,"% of economically active population active in agriculture"
"Afghanistan",4550,26,3,23,26,23,88.4615384615385,"Not defined6"
"Afghanistan",4551,1,1,0,1,0,0,"Not defined7"
"Afghanistan",4552,12,2,10,12,10,83.3333333333333,"Not defined8"
"Afghanistan",4553,6,2,4,6,4,66.6666666666667,"Not defined9"
"Afghanistan",4554,19,3,16,19,16,84.2105263157895,"Not defined10"
"Afghanistan",4555,1,1,0,1,0,0,"Not defined11"
"Afghanistan",4556,1,1,0,1,0,0,"Not defined12"
"Aland Islands",4164,53,12,41,53,41,77.3584905660377,"Surface water: accounted inflow"
"Aland Islands",4176,53,12,41,53,41,77.3584905660377,"Surface water: total external renewable"
"Aland Islands",4182,53,12,41,53,41,77.3584905660377,"Water resources: total external renewable"
"Aland Islands",4192,53,12,41,53,41,77.3584905660377,"Dependency ratio"
"Albania",4103,53,12,41,53,41,77.3584905660377,"Cultivated area (arable land + permanent crops)"
"Albania",4105,54,12,42,54,42,77.7777777777778,"Rural population"
"Albania",4107,54,12,42,54,42,77.7777777777778,"Population density"
"Albania",4108,33,8,25,33,25,75.7575757575758,"Population economically active in agriculture"
"Albania",4150,53,12,41,53,41,77.3584905660377,"Long-term average annual precipitation in volume"
"Albania",4157,53,12,41,53,41,77.3584905660377,"Total internal renewable water resources (IRWR)"
"Albania",4158,53,12,41,53,41,77.3584905660377,"Total internal renewable water resources per capita"
"Albania",4164,53,12,41,53,41,77.3584905660377,"Surface water: accounted inflow"
"Albania",4176,53,12,41,53,41,77.3584905660377,"Surface water: total external renewable"
"Albania",4182,53,12,41,53,41,77.3584905660377,"Water resources: total external renewable"
"Albania",4185,53,12,41,53,41,77.3584905660377,"Total renewable surface water"
"Albania",4187,53,12,41,53,41,77.3584905660377,"Total renewable groundwater"
"Albania",4188,53,12,41,53,41,77.3584905660377,"Total renewable water resources"
"Albania",4190,53,12,41,53,41,77.3584905660377,"Total renewable water resources per capita"
"Albania",4192,53,12,41,53,41,77.3584905660377,"Dependency ratio"
"Albania",4196,51,11,40,51,40,78.4313725490196,"Total exploitable water resources"
"Albania",4253,17,3,14,17,14,82.3529411764706,"Total water withdrawal"
"Albania",4254,17,3,14,17,14,82.3529411764706,"Agricultural water withdrawal as % of total water withdrawal"
"Albania",4255,17,3,14,17,14,82.3529411764706,"Municipal water withdrawal as % of total withdrawal"
"Albania",4256,17,3,14,17,14,82.3529411764706,"Industrial water withdrawal as % of total water withdrawal"
"Albania",4257,17,3,14,17,14,82.3529411764706,"Total water withdrawal per capita"
"Albania",4263,17,3,14,17,14,82.3529411764706,"Total freshwater withdrawal (primary and secondary)"
"Albania",4271,1,1,0,1,0,0,"Agricultural water requirement as % of agricultural water withdrawal"
"Albania",4273,17,4,13,17,13,76.4705882352941,"Agricultural water withdrawal as % of total renewable water resources"
"Albania",4275,17,3,14,17,14,82.3529411764706,"MDG 7.5. Freshwater withdrawal as % of total renewable water resources"
"Albania",4300,1,1,0,1,0,0,"Total cultivated area drained"
"Albania",4305,1,1,0,1,0,0,"% of total cultivated area drained"
"Albania",4311,24,5,19,24,19,79.1666666666667,"Area equipped for full control irrigation: total"
"Albania",4313,55,5,50,55,50,90.9090909090909,"Area equipped for irrigation: total"
"Albania",4317,24,5,19,24,19,79.1666666666667,"Total agricultural water managed area"
"Albania",4319,24,5,19,24,19,79.1666666666667,"% of agricultural water managed area equipped for irrigation"
"Albania",4323,1,1,0,1,0,0,"% of area equipped for irrigation by groundwater"
"Albania",4324,1,1,0,1,0,0,"% of area equipped for irrigation by surface water"
"Albania",4327,1,1,0,1,0,0,"% of area equipped for irrigation power irrigated"
"Albania",4328,14,3,11,14,11,78.5714285714286,"% of the area equipped for irrigation actually irrigated"
"Albania",4331,24,5,19,24,19,79.1666666666667,"% of the cultivated area equipped for irrigation"
"Albania",4445,1,1,0,1,0,0,"% of area equipped for irrigation salinized"
"Albania",4450,17,3,14,17,14,82.3529411764706,"Freshwater withdrawal as % of internal renewable water resources"
"Albania",4457,16,3,13,16,13,81.25,"Municipal water withdrawal per capita (total population)"
"Albania",4458,29,7,22,29,22,75.8620689655172,"GDP per Capita"
"Albania",4459,1,1,0,1,0,0,"Area equipped for full control irrigation: pressurized (sprinkler + localized)"
"Albania",4462,1,1,0,1,0,0,"Harvested irrigated crop area as % of the full control irrigation area actually irrigated"
"Albania",4463,14,3,11,14,11,78.5714285714286,"% of area equipped for full control irrigation actually irrigated"
"Albania",4464,1,1,0,1,0,0,"Irrigated cropping intensity"
"Albania",4467,17,3,14,17,14,82.3529411764706,"Freshwater withdrawal as % of total water withdrawal"
"Albania",4468,16,3,13,16,13,81.25,"Municipal water withdrawal per capita (urban population)"
"Albania",4470,53,12,41,53,41,77.3584905660377,"% of total country area cultivated"
"Albania",4471,51,11,40,51,40,78.4313725490196,"Dam capacity per capita"
"Albania",4531,16,3,13,16,13,81.25,"Industrial water withdrawal per capita"
"Albania",4532,16,4,12,16,12,75,"Agricultural water withdrawal per capita"
"Albania",4538,33,8,25,33,25,75.7575757575758,"% of economically active population active in agriculture"
"Albania",4550,17,3,14,17,14,82.3529411764706,"Not defined6"
"Albania",4551,17,3,14,17,14,82.3529411764706,"Not defined7"
"Albania",4552,17,4,13,17,13,76.4705882352941,"Not defined8"
"Albania",4553,16,3,13,16,13,81.25,"Not defined9"
"Albania",4554,16,3,13,16,13,81.25,"Not defined10"
"Albania",4555,1,1,0,1,0,0,"Not defined11"
"Albania",4556,1,1,0,1,0,0,"Not defined12"
"Algeria",4103,53,12,41,53,41,77.3584905660377,"Cultivated area (arable land + permanent crops)"
"Algeria",4105,54,12,42,54,42,77.7777777777778,"Rural population"
"Algeria",4107,54,12,42,54,42,77.7777777777778,"Population density"
"Algeria",4108,33,8,25,33,25,75.7575757575758,"Population economically active in agriculture"
"Algeria",4150,53,12,41,53,41,77.3584905660377,"Long-term average annual precipitation in volume"
"Algeria",4157,53,12,41,53,41,77.3584905660377,"Total internal renewable water resources (IRWR)"
"Algeria",4158,53,12,41,53,41,77.3584905660377,"Total internal renewable water resources per capita"
"Algeria",4164,53,12,41,53,41,77.3584905660377,"Surface water: accounted inflow"
"Algeria",4176,53,12,41,53,41,77.3584905660377,"Surface water: total external renewable"
"Algeria",4182,53,12,41,53,41,77.3584905660377,"Water resources: total external renewable"
"Algeria",4185,53,12,41,53,41,77.3584905660377,"Total renewable surface water"
"Algeria",4187,53,12,41,53,41,77.3584905660377,"Total renewable groundwater"
"Algeria",4188,53,12,41,53,41,77.3584905660377,"Total renewable water resources"
"Algeria",4190,53,12,41,53,41,77.3584905660377,"Total renewable water resources per capita"
"Algeria",4192,53,12,41,53,41,77.3584905660377,"Dependency ratio"
"Algeria",4196,51,11,40,51,40,78.4313725490196,"Total exploitable water resources"
"Algeria",4253,43,7,36,43,36,83.7209302325581,"Total water withdrawal"
"Algeria",4254,33,4,29,33,29,87.8787878787879,"Agricultural water withdrawal as % of total water withdrawal"
"Algeria",4255,33,4,29,33,29,87.8787878787879,"Municipal water withdrawal as % of total withdrawal"
"Algeria",4256,33,4,29,33,29,87.8787878787879,"Industrial water withdrawal as % of total water withdrawal"
"Algeria",4257,43,7,36,43,36,83.7209302325581,"Total water withdrawal per capita"
"Algeria",4263,43,7,36,43,36,83.7209302325581,"Total freshwater withdrawal (primary and secondary)"
"Algeria",4271,1,1,0,1,0,0,"Agricultural water requirement as % of agricultural water withdrawal"
"Algeria",4273,33,4,29,33,29,87.8787878787879,"Agricultural water withdrawal as % of total renewable water resources"
"Algeria",4275,43,7,36,43,36,83.7209302325581,"MDG 7.5. Freshwater withdrawal as % of total renewable water resources"
"Algeria",4300,1,1,0,1,0,0,"Total cultivated area drained"
"Algeria",4305,1,1,0,1,0,0,"% of total cultivated area drained"
"Algeria",4311,21,3,18,21,18,85.7142857142857,"Area equipped for full control irrigation: total"
"Algeria",4313,21,3,18,21,18,85.7142857142857,"Area equipped for irrigation: total"
"Algeria",4317,21,3,18,21,18,85.7142857142857,"Total agricultural water managed area"
"Algeria",4319,21,3,18,21,18,85.7142857142857,"% of agricultural water managed area equipped for irrigation"
"Algeria",4323,12,2,10,12,10,83.3333333333333,"% of area equipped for irrigation by groundwater"
"Algeria",4324,12,2,10,12,10,83.3333333333333,"% of area equipped for irrigation by surface water"
"Algeria",4325,12,2,10,12,10,83.3333333333333,"% of area equipped for irrigation by mixed surface water and groundwater"
"Algeria",4328,21,3,18,21,18,85.7142857142857,"% of the area equipped for irrigation actually irrigated"
"Algeria",4330,21,3,18,21,18,85.7142857142857,"% of irrigation potential equipped for irrigation"
"Algeria",4331,21,3,18,21,18,85.7142857142857,"% of the cultivated area equipped for irrigation"
"Algeria",4446,1,1,0,1,0,0,"% of area equipped for irrigation drained"
"Algeria",4450,43,7,36,43,36,83.7209302325581,"Freshwater withdrawal as % of internal renewable water resources"
"Algeria",4457,33,4,29,33,29,87.8787878787879,"Municipal water withdrawal per capita (total population)"
"Algeria",4458,54,12,42,54,42,77.7777777777778,"GDP per Capita"
"Algeria",4459,21,2,19,21,19,90.4761904761905,"Area equipped for full control irrigation: pressurized (sprinkler + localized)"
"Algeria",4462,12,2,10,12,10,83.3333333333333,"Harvested irrigated crop area as % of the full control irrigation area actually irrigated"
"Algeria",4463,12,2,10,12,10,83.3333333333333,"% of area equipped for full control irrigation actually irrigated"
"Algeria",4464,12,2,10,12,10,83.3333333333333,"Irrigated cropping intensity"
"Algeria",4466,1,1,0,1,0,0,"% of area equipped by direct use of treated municipal wastewater"
"Algeria",4467,43,7,36,43,36,83.7209302325581,"Freshwater withdrawal as % of total water withdrawal"
"Algeria",4468,33,4,29,33,29,87.8787878787879,"Municipal water withdrawal per capita (urban population)"
"Algeria",4470,53,12,41,53,41,77.3584905660377,"% of total country area cultivated"
"Algeria",4471,56,12,44,56,44,78.5714285714286,"Dam capacity per capita"
"Algeria",4509,51,11,40,51,40,78.4313725490196,"Exploitable: total renewable surface water"
"Algeria",4531,31,4,27,31,27,87.0967741935484,"Industrial water withdrawal per capita"
"Algeria",4532,31,4,27,31,27,87.0967741935484,"Agricultural water withdrawal per capita"
"Algeria",4538,33,8,25,33,25,75.7575757575758,"% of economically active population active in agriculture"
"Algeria",4550,43,7,36,43,36,83.7209302325581,"Not defined6"
"Algeria",4551,33,4,29,33,29,87.8787878787879,"Not defined7"
"Algeria",4552,33,4,29,33,29,87.8787878787879,"Not defined8"
"Algeria",4553,33,4,29,33,29,87.8787878787879,"Not defined9"
"Algeria",4554,33,4,29,33,29,87.8787878787879,"Not defined10"
"Algeria",4555,1,1,0,1,0,0,"Not defined11"
"Algeria",4556,8,2,6,8,6,75,"Not defined12"
"Antigua and Barbuda",4103,53,12,41,53,41,77.3584905660377,"Cultivated area (arable land + permanent crops)"
"Antigua and Barbuda",4105,54,12,42,54,42,77.7777777777778,"Rural population"
"Antigua and Barbuda",4107,54,12,42,54,42,77.7777777777778,"Population density"
"Antigua and Barbuda",4108,33,8,25,33,25,75.7575757575758,"Population economically active in agriculture"
"Antigua and Barbuda",4150,53,12,41,53,41,77.3584905660377,"Long-term average annual precipitation in volume"
"Antigua and Barbuda",4157,53,12,41,53,41,77.3584905660377,"Total internal renewable water resources (IRWR)"
"Antigua and Barbuda",4158,53,12,41,53,41,77.3584905660377,"Total internal renewable water resources per capita"
"Antigua and Barbuda",4164,53,12,41,53,41,77.3584905660377,"Surface water: accounted inflow"
"Antigua and Barbuda",4176,53,12,41,53,41,77.3584905660377,"Surface water: total external renewable"
"Antigua and Barbuda",4182,53,12,41,53,41,77.3584905660377,"Water resources: total external renewable"
"Antigua and Barbuda",4188,53,12,41,53,41,77.3584905660377,"Total renewable water resources"
"Antigua and Barbuda",4190,53,12,41,53,41,77.3584905660377,"Total renewable water resources per capita"
"Antigua and Barbuda",4192,53,12,41,53,41,77.3584905660377,"Dependency ratio"
"Antigua and Barbuda",4253,23,3,20,23,20,86.9565217391304,"Total water withdrawal"
"Antigua and Barbuda",4254,23,3,20,23,20,86.9565217391304,"Agricultural water withdrawal as % of total water withdrawal"
"Antigua and Barbuda",4255,23,3,20,23,20,86.9565217391304,"Municipal water withdrawal as % of total withdrawal"
"Antigua and Barbuda",4256,23,3,20,23,20,86.9565217391304,"Industrial water withdrawal as % of total water withdrawal"
"Antigua and Barbuda",4257,23,3,20,23,20,86.9565217391304,"Total water withdrawal per capita"
"Antigua and Barbuda",4263,23,3,20,23,20,86.9565217391304,"Total freshwater withdrawal (primary and secondary)"
"Antigua and Barbuda",4271,1,1,0,1,0,0,"Agricultural water requirement as % of agricultural water withdrawal"
"Antigua and Barbuda",4273,23,4,19,23,19,82.6086956521739,"Agricultural water withdrawal as % of total renewable water resources"
"Antigua and Barbuda",4275,23,3,20,23,20,86.9565217391304,"MDG 7.5. Freshwater withdrawal as % of total renewable water resources"
"Antigua and Barbuda",4300,1,1,0,1,0,0,"Total cultivated area drained"
"Antigua and Barbuda",4305,1,1,0,1,0,0,"% of total cultivated area drained"
"Antigua and Barbuda",4311,18,2,16,18,16,88.8888888888889,"Area equipped for full control irrigation: total"
"Antigua and Barbuda",4313,18,2,16,18,16,88.8888888888889,"Area equipped for irrigation: total"
"Antigua and Barbuda",4317,18,2,16,18,16,88.8888888888889,"Total agricultural water managed area"
"Antigua and Barbuda",4319,18,2,16,18,16,88.8888888888889,"% of agricultural water managed area equipped for irrigation"
"Antigua and Barbuda",4323,1,1,0,1,0,0,"% of area equipped for irrigation by groundwater"
"Antigua and Barbuda",4324,1,1,0,1,0,0,"% of area equipped for irrigation by surface water"
"Antigua and Barbuda",4327,1,1,0,1,0,0,"% of area equipped for irrigation power irrigated"
"Antigua and Barbuda",4328,1,1,0,1,0,0,"% of the area equipped for irrigation actually irrigated"
"Antigua and Barbuda",4331,18,2,16,18,16,88.8888888888889,"% of the cultivated area equipped for irrigation"
"Antigua and Barbuda",4450,23,3,20,23,20,86.9565217391304,"Freshwater withdrawal as % of internal renewable water resources"
"Antigua and Barbuda",4457,23,3,20,23,20,86.9565217391304,"Municipal water withdrawal per capita (total population)"
"Antigua and Barbuda",4458,39,9,30,39,30,76.9230769230769,"GDP per Capita"
"Antigua and Barbuda",4459,18,2,16,18,16,88.8888888888889,"Area equipped for full control irrigation: pressurized (sprinkler + localized)"
"Antigua and Barbuda",4462,1,1,0,1,0,0,"Harvested irrigated crop area as % of the full control irrigation area actually irrigated"
"Antigua and Barbuda",4463,1,1,0,1,0,0,"% of area equipped for full control irrigation actually irrigated"
"Antigua and Barbuda",4464,1,1,0,1,0,0,"Irrigated cropping intensity"
"Antigua and Barbuda",4467,23,3,20,23,20,86.9565217391304,"Freshwater withdrawal as % of total water withdrawal"
"Antigua and Barbuda",4468,23,3,20,23,20,86.9565217391304,"Municipal water withdrawal per capita (urban population)"
"Antigua and Barbuda",4470,53,12,41,53,41,77.3584905660377,"% of total country area cultivated"
"Antigua and Barbuda",4471,54,12,42,54,42,77.7777777777778,"Dam capacity per capita"
"Antigua and Barbuda",4531,21,3,18,21,18,85.7142857142857,"Industrial water withdrawal per capita"
"Antigua and Barbuda",4532,21,4,17,21,17,80.9523809523809,"Agricultural water withdrawal per capita"
"Antigua and Barbuda",4538,33,8,25,33,25,75.7575757575758,"% of economically active population active in agriculture"
"Antigua and Barbuda",4550,23,3,20,23,20,86.9565217391304,"Not defined6"
"Antigua and Barbuda",4551,23,3,20,23,20,86.9565217391304,"Not defined7"
"Antigua and Barbuda",4552,23,4,19,23,19,82.6086956521739,"Not defined8"
"Antigua and Barbuda",4553,23,3,20,23,20,86.9565217391304,"Not defined9"
"Antigua and Barbuda",4554,23,3,20,23,20,86.9565217391304,"Not defined10"
"Antigua and Barbuda",4555,1,1,0,1,0,0,"Not defined11"
"Antigua and Barbuda",4556,18,2,16,18,16,88.8888888888889,"Not defined12"
"Argentina",4103,53,12,41,53,41,77.3584905660377,"Cultivated area (arable land + permanent crops)"
"Argentina",4105,54,12,42,54,42,77.7777777777778,"Rural population"
"Argentina",4107,54,12,42,54,42,77.7777777777778,"Population density"
"Argentina",4108,33,8,25,33,25,75.7575757575758,"Population economically active in agriculture"
"Argentina",4150,53,12,41,53,41,77.3584905660377,"Long-term average annual precipitation in volume"
"Argentina",4157,53,12,41,53,41,77.3584905660377,"Total internal renewable water resources (IRWR)"
"Argentina",4158,53,12,41,53,41,77.3584905660377,"Total internal renewable water resources per capita"
"Argentina",4164,53,12,41,53,41,77.3584905660377,"Surface water: accounted inflow"
"Argentina",4176,53,12,41,53,41,77.3584905660377,"Surface water: total external renewable"
"Argentina",4182,53,12,41,53,41,77.3584905660377,"Water resources: total external renewable"
"Argentina",4185,53,12,41,53,41,77.3584905660377,"Total renewable surface water"
"Argentina",4187,53,12,41,53,41,77.3584905660377,"Total renewable groundwater"
"Argentina",4188,53,12,41,53,41,77.3584905660377,"Total renewable water resources"
"Argentina",4190,53,12,41,53,41,77.3584905660377,"Total renewable water resources per capita"
"Argentina",4192,53,12,41,53,41,77.3584905660377,"Dependency ratio"
"Argentina",4253,36,3,33,36,33,91.6666666666667,"Total water withdrawal"
"Argentina",4254,17,2,15,17,15,88.2352941176471,"Agricultural water withdrawal as % of total water withdrawal"
"Argentina",4255,17,2,15,17,15,88.2352941176471,"Municipal water withdrawal as % of total withdrawal"
"Argentina",4256,17,2,15,17,15,88.2352941176471,"Industrial water withdrawal as % of total water withdrawal"
"Argentina",4257,36,3,33,36,33,91.6666666666667,"Total water withdrawal per capita"
"Argentina",4263,36,3,33,36,33,91.6666666666667,"Total freshwater withdrawal (primary and secondary)"
"Argentina",4271,1,1,0,1,0,0,"Agricultural water requirement as % of agricultural water withdrawal"
"Argentina",4273,17,3,14,17,14,82.3529411764706,"Agricultural water withdrawal as % of total renewable water resources"
"Argentina",4275,36,3,33,36,33,91.6666666666667,"MDG 7.5. Freshwater withdrawal as % of total renewable water resources"
"Argentina",4311,24,3,21,24,21,87.5,"Area equipped for full control irrigation: total"
"Argentina",4313,51,3,48,51,48,94.1176470588235,"Area equipped for irrigation: total"
"Argentina",4317,24,3,21,24,21,87.5,"Total agricultural water managed area"
"Argentina",4319,24,3,21,24,21,87.5,"% of agricultural water managed area equipped for irrigation"
"Argentina",4323,1,1,0,1,0,0,"% of area equipped for irrigation by groundwater"
"Argentina",4324,1,1,0,1,0,0,"% of area equipped for irrigation by surface water"
"Argentina",4325,13,2,11,13,11,84.6153846153846,"% of area equipped for irrigation by mixed surface water and groundwater"
"Argentina",4327,1,1,0,1,0,0,"% of area equipped for irrigation power irrigated"
"Argentina",4328,1,1,0,1,0,0,"% of the area equipped for irrigation actually irrigated"
"Argentina",4330,24,3,21,24,21,87.5,"% of irrigation potential equipped for irrigation"
"Argentina",4331,24,3,21,24,21,87.5,"% of the cultivated area equipped for irrigation"
"Argentina",4445,1,1,0,1,0,0,"% of area equipped for irrigation salinized"
"Argentina",4450,36,3,33,36,33,91.6666666666667,"Freshwater withdrawal as % of internal renewable water resources"
"Argentina",4455,32,8,24,32,24,75,"Conservation agriculture area as % of arable land area"
"Argentina",4457,17,2,15,17,15,88.2352941176471,"Municipal water withdrawal per capita (total population)"
"Argentina",4458,53,12,41,53,41,77.3584905660377,"GDP per Capita"
"Argentina",4459,24,3,21,24,21,87.5,"Area equipped for full control irrigation: pressurized (sprinkler + localized)"
"Argentina",4462,1,1,0,1,0,0,"Harvested irrigated crop area as % of the full control irrigation area actually irrigated"
"Argentina",4463,1,1,0,1,0,0,"% of area equipped for full control irrigation actually irrigated"
"Argentina",4464,1,1,0,1,0,0,"Irrigated cropping intensity"
"Argentina",4467,36,3,33,36,33,91.6666666666667,"Freshwater withdrawal as % of total water withdrawal"
"Argentina",4468,17,2,15,17,15,88.2352941176471,"Municipal water withdrawal per capita (urban population)"
"Argentina",4470,53,12,41,53,41,77.3584905660377,"% of total country area cultivated"
"Argentina",4471,56,12,44,56,44,78.5714285714286,"Dam capacity per capita"
"Argentina",4531,16,3,13,16,13,81.25,"Industrial water withdrawal per capita"
"Argentina",4532,16,3,13,16,13,81.25,"Agricultural water withdrawal per capita"
"Argentina",4538,33,8,25,33,25,75.7575757575758,"% of economically active population active in agriculture"
"Argentina",4550,36,3,33,36,33,91.6666666666667,"Not defined6"
"Argentina",4551,17,2,15,17,15,88.2352941176471,"Not defined7"
"Argentina",4552,17,3,14,17,14,82.3529411764706,"Not defined8"
"Argentina",4553,17,3,14,17,14,82.3529411764706,"Not defined9"
"Argentina",4554,17,2,15,17,15,88.2352941176471,"Not defined10"
"Argentina",4555,1,1,0,1,0,0,"Not defined11"
"Argentina",4556,12,2,10,12,10,83.3333333333333,"Not defined12"
"Armenia",4103,23,6,17,23,17,73.9130434782609,"Cultivated area (arable land + permanent crops)"
"Armenia",4105,24,6,18,24,18,75,"Rural population"
"Armenia",4107,24,6,18,24,18,75,"Population density"
"Armenia",4108,23,6,17,23,17,73.9130434782609,"Population economically active in agriculture"
"Armenia",4150,23,6,17,23,17,73.9130434782609,"Long-term average annual precipitation in volume"
"Armenia",4157,23,6,17,23,17,73.9130434782609,"Total internal renewable water resources (IRWR)"
"Armenia",4158,23,6,17,23,17,73.9130434782609,"Total internal renewable water resources per capita"
"Armenia",4164,23,6,17,23,17,73.9130434782609,"Surface water: accounted inflow"
"Armenia",4176,23,6,17,23,17,73.9130434782609,"Surface water: total external renewable"
"Armenia",4182,23,6,17,23,17,73.9130434782609,"Water resources: total external renewable"
"Armenia",4185,23,6,17,23,17,73.9130434782609,"Total renewable surface water"
"Armenia",4187,23,6,17,23,17,73.9130434782609,"Total renewable groundwater"
"Armenia",4188,23,6,17,23,17,73.9130434782609,"Total renewable water resources"
"Armenia",4190,23,6,17,23,17,73.9130434782609,"Total renewable water resources per capita"
"Armenia",4192,23,6,17,23,17,73.9130434782609,"Dependency ratio"
"Armenia",4253,21,5,16,21,16,76.1904761904762,"Total water withdrawal"
"Armenia",4254,21,5,16,21,16,76.1904761904762,"Agricultural water withdrawal as % of total water withdrawal"
"Armenia",4255,21,5,16,21,16,76.1904761904762,"Municipal water withdrawal as % of total withdrawal"
"Armenia",4256,21,5,16,21,16,76.1904761904762,"Industrial water withdrawal as % of total water withdrawal"
"Armenia",4257,21,5,16,21,16,76.1904761904762,"Total water withdrawal per capita"
"Armenia",4263,21,5,16,21,16,76.1904761904762,"Total freshwater withdrawal (primary and secondary)"
"Armenia",4271,1,1,0,1,0,0,"Agricultural water requirement as % of agricultural water withdrawal"
"Armenia",4273,21,5,16,21,16,76.1904761904762,"Agricultural water withdrawal as % of total renewable water resources"
"Armenia",4275,21,5,16,21,16,76.1904761904762,"MDG 7.5. Freshwater withdrawal as % of total renewable water resources"
"Armenia",4300,13,2,11,13,11,84.6153846153846,"Total cultivated area drained"
"Armenia",4305,13,2,11,13,11,84.6153846153846,"% of total cultivated area drained"
"Armenia",4311,15,4,11,15,11,73.3333333333333,"Area equipped for full control irrigation: total"
"Armenia",4313,15,4,11,15,11,73.3333333333333,"Area equipped for irrigation: total"
"Armenia",4317,15,4,11,15,11,73.3333333333333,"Total agricultural water managed area"
"Armenia",4319,15,4,11,15,11,73.3333333333333,"% of agricultural water managed area equipped for irrigation"
"Armenia",4323,10,3,7,10,7,70,"% of area equipped for irrigation by groundwater"
"Armenia",4324,10,3,7,10,7,70,"% of area equipped for irrigation by surface water"
"Armenia",4325,1,1,0,1,0,0,"% of area equipped for irrigation by mixed surface water and groundwater"
"Armenia",4327,6,2,4,6,4,66.6666666666667,"% of area equipped for irrigation power irrigated"
"Armenia",4328,10,2,8,10,8,80,"% of the area equipped for irrigation actually irrigated"
"Armenia",4330,15,4,11,15,11,73.3333333333333,"% of irrigation potential equipped for irrigation"
"Armenia",4331,15,4,11,15,11,73.3333333333333,"% of the cultivated area equipped for irrigation"
"Armenia",4445,10,2,8,10,8,80,"% of area equipped for irrigation salinized"
"Armenia",4446,1,1,0,1,0,0,"% of area equipped for irrigation drained"
"Armenia",4450,21,5,16,21,16,76.1904761904762,"Freshwater withdrawal as % of internal renewable water resources"
"Armenia",4457,21,5,16,21,16,76.1904761904762,"Municipal water withdrawal per capita (total population)"
"Armenia",4458,24,6,18,24,18,75,"GDP per Capita"
"Armenia",4459,1,1,0,1,0,0,"Area equipped for full control irrigation: pressurized (sprinkler + localized)"
"Armenia",4462,12,2,10,12,10,83.3333333333333,"Harvested irrigated crop area as % of the full control irrigation area actually irrigated"
"Armenia",4463,10,2,8,10,8,80,"% of area equipped for full control irrigation actually irrigated"
"Armenia",4464,12,2,10,12,10,83.3333333333333,"Irrigated cropping intensity"
"Armenia",4467,21,5,16,21,16,76.1904761904762,"Freshwater withdrawal as % of total water withdrawal"
"Armenia",4468,21,5,16,21,16,76.1904761904762,"Municipal water withdrawal per capita (urban population)"
"Armenia",4470,23,6,17,23,17,73.9130434782609,"% of total country area cultivated"
"Armenia",4471,10,3,7,10,7,70,"Dam capacity per capita"
"Armenia",4531,19,5,14,19,14,73.6842105263158,"Industrial water withdrawal per capita"
"Armenia",4532,19,5,14,19,14,73.6842105263158,"Agricultural water withdrawal per capita"
"Armenia",4538,23,6,17,23,17,73.9130434782609,"% of economically active population active in agriculture"
"Armenia",4550,21,5,16,21,16,76.1904761904762,"Not defined6"
"Armenia",4551,21,5,16,21,16,76.1904761904762,"Not defined7"
"Armenia",4552,21,5,16,21,16,76.1904761904762,"Not defined8"
"Armenia",4553,21,5,16,21,16,76.1904761904762,"Not defined9"
"Armenia",4554,21,5,16,21,16,76.1904761904762,"Not defined10"
"Armenia",4555,1,1,0,1,0,0,"Not defined11"
"Armenia",4556,12,2,10,12,10,83.3333333333333,"Not defined12"
"Australia",4103,53,12,41,53,41,77.3584905660377,"Cultivated area (arable land + permanent crops)"
"Australia",4105,54,12,42,54,42,77.7777777777778,"Rural population"
"Australia",4107,54,12,42,54,42,77.7777777777778,"Population density"
"Australia",4108,33,8,25,33,25,75.7575757575758,"Population economically active in agriculture"
"Australia",4150,53,12,41,53,41,77.3584905660377,"Long-term average annual precipitation in volume"
"Australia",4157,53,12,41,53,41,77.3584905660377,"Total internal renewable water resources (IRWR)"
"Australia",4158,53,12,41,53,41,77.3584905660377,"Total internal renewable water resources per capita"
"Australia",4164,53,12,41,53,41,77.3584905660377,"Surface water: accounted inflow"
"Australia",4176,53,12,41,53,41,77.3584905660377,"Surface water: total external renewable"
"Australia",4182,53,12,41,53,41,77.3584905660377,"Water resources: total external renewable"
"Australia",4185,53,12,41,53,41,77.3584905660377,"Total renewable surface water"
"Australia",4187,53,12,41,53,41,77.3584905660377,"Total renewable groundwater"
"Australia",4188,53,12,41,53,41,77.3584905660377,"Total renewable water resources"
"Australia",4190,53,12,41,53,41,77.3584905660377,"Total renewable water resources per capita"
"Australia",4192,53,12,41,53,41,77.3584905660377,"Dependency ratio"
"Australia",4196,51,11,40,51,40,78.4313725490196,"Total exploitable water resources"
"Australia",4253,20,5,15,20,15,75,"Total water withdrawal"
"Australia",4254,20,5,15,20,15,75,"Agricultural water withdrawal as % of total water withdrawal"
"Australia",4255,15,4,11,15,11,73.3333333333333,"Municipal water withdrawal as % of total withdrawal"
"Australia",4256,15,4,11,15,11,73.3333333333333,"Industrial water withdrawal as % of total water withdrawal"
"Australia",4257,20,5,15,20,15,75,"Total water withdrawal per capita"
"Australia",4263,20,5,15,20,15,75,"Total freshwater withdrawal (primary and secondary)"
"Australia",4271,1,1,0,1,0,0,"Agricultural water requirement as % of agricultural water withdrawal"
"Australia",4273,20,5,15,20,15,75,"Agricultural water withdrawal as % of total renewable water resources"
"Australia",4275,20,5,15,20,15,75,"MDG 7.5. Freshwater withdrawal as % of total renewable water resources"
"Australia",4311,5,1,4,5,4,80,"Area equipped for full control irrigation: total"
"Australia",4313,46,4,42,46,42,91.304347826087,"Area equipped for irrigation: total"
"Australia",4317,17,4,13,17,13,76.4705882352941,"Total agricultural water managed area"
"Australia",4319,17,4,13,17,13,76.4705882352941,"% of agricultural water managed area equipped for irrigation"
"Australia",4331,17,4,13,17,13,76.4705882352941,"% of the cultivated area equipped for irrigation"
"Australia",4445,1,1,0,1,0,0,"% of area equipped for irrigation salinized"
"Australia",4450,20,5,15,20,15,75,"Freshwater withdrawal as % of internal renewable water resources"
"Australia",4455,41,5,36,41,36,87.8048780487805,"Conservation agriculture area as % of arable land area"
"Australia",4457,15,4,11,15,11,73.3333333333333,"Municipal water withdrawal per capita (total population)"
"Australia",4458,54,12,42,54,42,77.7777777777778,"GDP per Capita"
"Australia",4459,1,1,0,1,0,0,"Area equipped for full control irrigation: pressurized (sprinkler + localized)"
"Australia",4462,6,2,4,6,4,66.6666666666667,"Harvested irrigated crop area as % of the full control irrigation area actually irrigated"
"Australia",4464,6,2,4,6,4,66.6666666666667,"Irrigated cropping intensity"
"Australia",4467,20,5,15,20,15,75,"Freshwater withdrawal as % of total water withdrawal"
"Australia",4468,15,4,11,15,11,73.3333333333333,"Municipal water withdrawal per capita (urban population)"
"Australia",4470,53,12,41,53,41,77.3584905660377,"% of total country area cultivated"
"Australia",4471,56,12,44,56,44,78.5714285714286,"Dam capacity per capita"
"Australia",4531,14,4,10,14,10,71.4285714285714,"Industrial water withdrawal per capita"
"Australia",4532,19,5,14,19,14,73.6842105263158,"Agricultural water withdrawal per capita"
"Australia",4538,33,8,25,33,25,75.7575757575758,"% of economically active population active in agriculture"
"Australia",4550,20,5,15,20,15,75,"Not defined6"
"Australia",4551,15,4,11,15,11,73.3333333333333,"Not defined7"
"Australia",4552,20,5,15,20,15,75,"Not defined8"
"Australia",4553,15,4,11,15,11,73.3333333333333,"Not defined9"
"Australia",4554,15,4,11,15,11,73.3333333333333,"Not defined10"
"Australia",4555,9,3,6,9,6,66.6666666666667,"Not defined11"
"Australia",4556,8,3,5,8,5,62.5,"Not defined12"
"Belarus",4103,23,6,17,23,17,73.9130434782609,"Cultivated area (arable land + permanent crops)"
"Belarus",4105,24,6,18,24,18,75,"Rural population"
"Belarus",4107,24,6,18,24,18,75,"Population density"
"Belarus",4108,23,6,17,23,17,73.9130434782609,"Population economically active in agriculture"
"Belarus",4150,23,6,17,23,17,73.9130434782609,"Long-term average annual precipitation in volume"
"Belarus",4157,23,6,17,23,17,73.9130434782609,"Total internal renewable water resources (IRWR)"
"Belarus",4158,23,6,17,23,17,73.9130434782609,"Total internal renewable water resources per capita"
"Belarus",4164,23,6,17,23,17,73.9130434782609,"Surface water: accounted inflow"
"Belarus",4176,23,6,17,23,17,73.9130434782609,"Surface water: total external renewable"
"Belarus",4182,23,6,17,23,17,73.9130434782609,"Water resources: total external renewable"
"Belarus",4185,23,6,17,23,17,73.9130434782609,"Total renewable surface water"
"Belarus",4187,23,6,17,23,17,73.9130434782609,"Total renewable groundwater"
"Belarus",4188,23,6,17,23,17,73.9130434782609,"Total renewable water resources"
"Belarus",4190,23,6,17,23,17,73.9130434782609,"Total renewable water resources per capita"
"Belarus",4192,23,6,17,23,17,73.9130434782609,"Dependency ratio"
"Belarus",4253,19,5,14,19,14,73.6842105263158,"Total water withdrawal"
"Belarus",4254,19,5,14,19,14,73.6842105263158,"Agricultural water withdrawal as % of total water withdrawal"
"Belarus",4255,19,5,14,19,14,73.6842105263158,"Municipal water withdrawal as % of total withdrawal"
"Belarus",4256,19,5,14,19,14,73.6842105263158,"Industrial water withdrawal as % of total water withdrawal"
"Belarus",4257,19,5,14,19,14,73.6842105263158,"Total water withdrawal per capita"
"Belarus",4263,19,5,14,19,14,73.6842105263158,"Total freshwater withdrawal (primary and secondary)"
"Belarus",4271,1,1,0,1,0,0,"Agricultural water requirement as % of agricultural water withdrawal"
"Belarus",4273,19,5,14,19,14,73.6842105263158,"Agricultural water withdrawal as % of total renewable water resources"
"Belarus",4275,19,5,14,19,14,73.6842105263158,"MDG 7.5. Freshwater withdrawal as % of total renewable water resources"
"Belarus",4300,19,4,15,19,15,78.9473684210526,"Total cultivated area drained"
"Belarus",4305,19,4,15,19,15,78.9473684210526,"% of total cultivated area drained"
"Belarus",4311,19,4,15,19,15,78.9473684210526,"Area equipped for full control irrigation: total"
"Belarus",4313,19,4,15,19,15,78.9473684210526,"Area equipped for irrigation: total"
"Belarus",4317,19,4,15,19,15,78.9473684210526,"Total agricultural water managed area"
"Belarus",4319,19,4,15,19,15,78.9473684210526,"% of agricultural water managed area equipped for irrigation"
"Belarus",4323,1,1,0,1,0,0,"% of area equipped for irrigation by groundwater"
"Belarus",4324,1,1,0,1,0,0,"% of area equipped for irrigation by surface water"
"Belarus",4328,1,1,0,1,0,0,"% of the area equipped for irrigation actually irrigated"
"Belarus",4331,19,4,15,19,15,78.9473684210526,"% of the cultivated area equipped for irrigation"
"Belarus",4446,11,3,8,11,8,72.7272727272727,"% of area equipped for irrigation drained"
"Belarus",4450,19,5,14,19,14,73.6842105263158,"Freshwater withdrawal as % of internal renewable water resources"
"Belarus",4457,19,5,14,19,14,73.6842105263158,"Municipal water withdrawal per capita (total population)"
"Belarus",4458,24,6,18,24,18,75,"GDP per Capita"
"Belarus",4459,1,1,0,1,0,0,"Area equipped for full control irrigation: pressurized (sprinkler + localized)"
"Belarus",4462,1,1,0,1,0,0,"Harvested irrigated crop area as % of the full control irrigation area actually irrigated"
"Belarus",4463,1,1,0,1,0,0,"% of area equipped for full control irrigation actually irrigated"
"Belarus",4464,1,1,0,1,0,0,"Irrigated cropping intensity"
"Belarus",4467,19,5,14,19,14,73.6842105263158,"Freshwater withdrawal as % of total water withdrawal"
"Belarus",4468,19,5,14,19,14,73.6842105263158,"Municipal water withdrawal per capita (urban population)"
"Belarus",4470,23,6,17,23,17,73.9130434782609,"% of total country area cultivated"
"Belarus",4471,1,1,0,1,0,0,"Dam capacity per capita"
"Belarus",4531,19,5,14,19,14,73.6842105263158,"Industrial water withdrawal per capita"
"Belarus",4532,19,5,14,19,14,73.6842105263158,"Agricultural water withdrawal per capita"
"Belarus",4538,23,6,17,23,17,73.9130434782609,"% of economically active population active in agriculture"
"Belarus",4550,19,5,14,19,14,73.6842105263158,"Not defined6"
"Belarus",4551,19,5,14,19,14,73.6842105263158,"Not defined7"
"Belarus",4552,19,5,14,19,14,73.6842105263158,"Not defined8"
"Belarus",4553,19,5,14,19,14,73.6842105263158,"Not defined9"
"Belarus",4554,19,5,14,19,14,73.6842105263158,"Not defined10"
"Belarus",4555,1,1,0,1,0,0,"Not defined11"
"Belarus",4556,1,1,0,1,0,0,"Not defined12"
"Bhutan",4103,53,12,41,53,41,77.3584905660377,"Cultivated area (arable land + permanent crops)"
"Bhutan",4105,54,12,42,54,42,77.7777777777778,"Rural population"
"Bhutan",4107,54,12,42,54,42,77.7777777777778,"Population density"
"Bhutan",4108,33,8,25,33,25,75.7575757575758,"Population economically active in agriculture"
"Bhutan",4150,53,12,41,53,41,77.3584905660377,"Long-term average annual precipitation in volume"
"Bhutan",4157,53,12,41,53,41,77.3584905660377,"Total internal renewable water resources (IRWR)"
"Bhutan",4158,53,12,41,53,41,77.3584905660377,"Total internal renewable water resources per capita"
"Bhutan",4164,53,12,41,53,41,77.3584905660377,"Surface water: accounted inflow"
"Bhutan",4176,53,12,41,53,41,77.3584905660377,"Surface water: total external renewable"
"Bhutan",4182,53,12,41,53,41,77.3584905660377,"Water resources: total external renewable"
"Bhutan",4185,53,12,41,53,41,77.3584905660377,"Total renewable surface water"
"Bhutan",4187,53,12,41,53,41,77.3584905660377,"Total renewable groundwater"
"Bhutan",4188,53,12,41,53,41,77.3584905660377,"Total renewable water resources"
"Bhutan",4190,53,12,41,53,41,77.3584905660377,"Total renewable water resources per capita"
"Bhutan",4192,53,12,41,53,41,77.3584905660377,"Dependency ratio"
"Bhutan",4253,1,1,0,1,0,0,"Total water withdrawal"
"Bhutan",4254,1,1,0,1,0,0,"Agricultural water withdrawal as % of total water withdrawal"
"Bhutan",4255,1,1,0,1,0,0,"Municipal water withdrawal as % of total withdrawal"
"Bhutan",4256,1,1,0,1,0,0,"Industrial water withdrawal as % of total water withdrawal"
"Bhutan",4257,1,1,0,1,0,0,"Total water withdrawal per capita"
"Bhutan",4263,1,1,0,1,0,0,"Total freshwater withdrawal (primary and secondary)"
"Bhutan",4273,1,1,0,1,0,0,"Agricultural water withdrawal as % of total renewable water resources"
"Bhutan",4275,1,1,0,1,0,0,"MDG 7.5. Freshwater withdrawal as % of total renewable water resources"
"Bhutan",4311,16,3,13,16,13,81.25,"Area equipped for full control irrigation: total"
"Bhutan",4313,16,3,13,16,13,81.25,"Area equipped for irrigation: total"
"Bhutan",4317,16,3,13,16,13,81.25,"Total agricultural water managed area"
"Bhutan",4319,16,3,13,16,13,81.25,"% of agricultural water managed area equipped for irrigation"
"Bhutan",4324,1,1,0,1,0,0,"% of area equipped for irrigation by surface water"
"Bhutan",4327,1,1,0,1,0,0,"% of area equipped for irrigation power irrigated"
"Bhutan",4328,13,2,11,13,11,84.6153846153846,"% of the area equipped for irrigation actually irrigated"
"Bhutan",4331,16,3,13,16,13,81.25,"% of the cultivated area equipped for irrigation"
"Bhutan",4450,1,1,0,1,0,0,"Freshwater withdrawal as % of internal renewable water resources"
"Bhutan",4457,22,2,20,22,20,90.9090909090909,"Municipal water withdrawal per capita (total population)"
"Bhutan",4458,34,8,26,34,26,76.4705882352941,"GDP per Capita"
"Bhutan",4462,13,2,11,13,11,84.6153846153846,"Harvested irrigated crop area as % of the full control irrigation area actually irrigated"
"Bhutan",4463,13,2,11,13,11,84.6153846153846,"% of area equipped for full control irrigation actually irrigated"
"Bhutan",4464,13,2,11,13,11,84.6153846153846,"Irrigated cropping intensity"
"Bhutan",4467,1,1,0,1,0,0,"Freshwater withdrawal as % of total water withdrawal"
"Bhutan",4468,22,2,20,22,20,90.9090909090909,"Municipal water withdrawal per capita (urban population)"
"Bhutan",4470,53,12,41,53,41,77.3584905660377,"% of total country area cultivated"
"Bhutan",4531,26,2,24,26,24,92.3076923076923,"Industrial water withdrawal per capita"
"Bhutan",4532,1,1,0,1,0,0,"Agricultural water withdrawal per capita"
"Bhutan",4538,33,8,25,33,25,75.7575757575758,"% of economically active population active in agriculture"
"Bhutan",4550,1,1,0,1,0,0,"Not defined6"
"Bhutan",4551,1,1,0,1,0,0,"Not defined7"
"Bhutan",4552,1,1,0,1,0,0,"Not defined8"
"Bhutan",4553,22,2,20,22,20,90.9090909090909,"Not defined9"
"Bhutan",4554,22,2,20,22,20,90.9090909090909,"Not defined10"
"Bhutan",4555,1,1,0,1,0,0,"Not defined11"
"Bhutan",4556,14,2,12,14,12,85.7142857142857,"Not defined12"
"Bolivia (Plurinational State of)",4103,53,12,41,53,41,77.3584905660377,"Cultivated area (arable land + permanent crops)"
"Bolivia (Plurinational State of)",4105,54,12,42,54,42,77.7777777777778,"Rural population"
"Bolivia (Plurinational State of)",4107,54,12,42,54,42,77.7777777777778,"Population density"
"Bolivia (Plurinational State of)",4108,33,8,25,33,25,75.7575757575758,"Population economically active in agriculture"
"Bolivia (Plurinational State of)",4150,53,12,41,53,41,77.3584905660377,"Long-term average annual precipitation in volume"
"Bolivia (Plurinational State of)",4157,53,12,41,53,41,77.3584905660377,"Total internal renewable water resources (IRWR)"
"Bolivia (Plurinational State of)",4158,53,12,41,53,41,77.3584905660377,"Total internal renewable water resources per capita"
"Bolivia (Plurinational State of)",4164,53,12,41,53,41,77.3584905660377,"Surface water: accounted inflow"
"Bolivia (Plurinational State of)",4176,53,12,41,53,41,77.3584905660377,"Surface water: total external renewable"
"Bolivia (Plurinational State of)",4182,53,12,41,53,41,77.3584905660377,"Water resources: total external renewable"
"Bolivia (Plurinational State of)",4185,53,12,41,53,41,77.3584905660377,"Total renewable surface water"
"Bolivia (Plurinational State of)",4187,53,12,41,53,41,77.3584905660377,"Total renewable groundwater"
"Bolivia (Plurinational State of)",4188,53,12,41,53,41,77.3584905660377,"Total renewable water resources"
"Bolivia (Plurinational State of)",4190,53,12,41,53,41,77.3584905660377,"Total renewable water resources per capita"
"Bolivia (Plurinational State of)",4192,53,12,41,53,41,77.3584905660377,"Dependency ratio"
"Bolivia (Plurinational State of)",4253,23,2,21,23,21,91.304347826087,"Total water withdrawal"
"Bolivia (Plurinational State of)",4254,23,2,21,23,21,91.304347826087,"Agricultural water withdrawal as % of total water withdrawal"
"Bolivia (Plurinational State of)",4255,23,2,21,23,21,91.304347826087,"Municipal water withdrawal as % of total withdrawal"
"Bolivia (Plurinational State of)",4256,23,2,21,23,21,91.304347826087,"Industrial water withdrawal as % of total water withdrawal"
"Bolivia (Plurinational State of)",4257,23,2,21,23,21,91.304347826087,"Total water withdrawal per capita"
"Bolivia (Plurinational State of)",4263,23,2,21,23,21,91.304347826087,"Total freshwater withdrawal (primary and secondary)"
"Bolivia (Plurinational State of)",4271,1,1,0,1,0,0,"Agricultural water requirement as % of agricultural water withdrawal"
"Bolivia (Plurinational State of)",4273,22,3,19,22,19,86.3636363636364,"Agricultural water withdrawal as % of total renewable water resources"
"Bolivia (Plurinational State of)",4275,23,2,21,23,21,91.304347826087,"MDG 7.5. Freshwater withdrawal as % of total renewable water resources"
"Bolivia (Plurinational State of)",4311,12,2,10,12,10,83.3333333333333,"Area equipped for full control irrigation: total"
"Bolivia (Plurinational State of)",4313,51,2,49,51,49,96.078431372549,"Area equipped for irrigation: total"
"Bolivia (Plurinational State of)",4317,12,2,10,12,10,83.3333333333333,"Total agricultural water managed area"
"Bolivia (Plurinational State of)",4319,12,2,10,12,10,83.3333333333333,"% of agricultural water managed area equipped for irrigation"
"Bolivia (Plurinational State of)",4323,1,1,0,1,0,0,"% of area equipped for irrigation by groundwater"
"Bolivia (Plurinational State of)",4324,1,1,0,1,0,0,"% of area equipped for irrigation by surface water"
"Bolivia (Plurinational State of)",4328,1,1,0,1,0,0,"% of the area equipped for irrigation actually irrigated"
"Bolivia (Plurinational State of)",4330,12,2,10,12,10,83.3333333333333,"% of irrigation potential equipped for irrigation"
"Bolivia (Plurinational State of)",4331,12,2,10,12,10,83.3333333333333,"% of the cultivated area equipped for irrigation"
"Bolivia (Plurinational State of)",4445,1,1,0,1,0,0,"% of area equipped for irrigation salinized"
"Bolivia (Plurinational State of)",4450,23,2,21,23,21,91.304347826087,"Freshwater withdrawal as % of internal renewable water resources"
"Bolivia (Plurinational State of)",4455,8,2,6,8,6,75,"Conservation agriculture area as % of arable land area"
"Bolivia (Plurinational State of)",4457,23,2,21,23,21,91.304347826087,"Municipal water withdrawal per capita (total population)"
"Bolivia (Plurinational State of)",4458,54,12,42,54,42,77.7777777777778,"GDP per Capita"
"Bolivia (Plurinational State of)",4459,1,1,0,1,0,0,"Area equipped for full control irrigation: pressurized (sprinkler + localized)"
"Bolivia (Plurinational State of)",4462,1,1,0,1,0,0,"Harvested irrigated crop area as % of the full control irrigation area actually irrigated"
"Bolivia (Plurinational State of)",4463,1,1,0,1,0,0,"% of area equipped for full control irrigation actually irrigated"
"Bolivia (Plurinational State of)",4464,1,1,0,1,0,0,"Irrigated cropping intensity"
"Bolivia (Plurinational State of)",4466,1,1,0,1,0,0,"% of area equipped by direct use of treated municipal wastewater"
"Bolivia (Plurinational State of)",4467,23,2,21,23,21,91.304347826087,"Freshwater withdrawal as % of total water withdrawal"
"Bolivia (Plurinational State of)",4468,23,2,21,23,21,91.304347826087,"Municipal water withdrawal per capita (urban population)"
"Bolivia (Plurinational State of)",4470,53,12,41,53,41,77.3584905660377,"% of total country area cultivated"
"Bolivia (Plurinational State of)",4471,56,12,44,56,44,78.5714285714286,"Dam capacity per capita"
"Bolivia (Plurinational State of)",4514,1,1,0,1,0,0,"% of area equipped for irrigation by direct use of non-treated municipal wastewater"
"Bolivia (Plurinational State of)",4531,26,2,24,26,24,92.3076923076923,"Industrial water withdrawal per capita"
"Bolivia (Plurinational State of)",4532,26,3,23,26,23,88.4615384615385,"Agricultural water withdrawal per capita"
"Bolivia (Plurinational State of)",4538,33,8,25,33,25,75.7575757575758,"% of economically active population active in agriculture"
"Bolivia (Plurinational State of)",4550,23,2,21,23,21,91.304347826087,"Not defined6"
"Bolivia (Plurinational State of)",4551,23,2,21,23,21,91.304347826087,"Not defined7"
"Bolivia (Plurinational State of)",4552,22,3,19,22,19,86.3636363636364,"Not defined8"
"Bolivia (Plurinational State of)",4553,23,2,21,23,21,91.304347826087,"Not defined9"
"Bolivia (Plurinational State of)",4554,23,2,21,23,21,91.304347826087,"Not defined10"
"Bolivia (Plurinational State of)",4555,1,1,0,1,0,0,"Not defined11"
"Bolivia (Plurinational State of)",4556,1,1,0,1,0,0,"Not defined12"
"Bosnia and Herzegovina",4103,43,10,33,43,33,76.7441860465116,"Cultivated area (arable land + permanent crops)"
"Bosnia and Herzegovina",4105,24,6,18,24,18,75,"Rural population"
"Bosnia and Herzegovina",4107,24,6,18,24,18,75,"Population density"
"Bosnia and Herzegovina",4108,23,6,17,23,17,73.9130434782609,"Population economically active in agriculture"
"Bosnia and Herzegovina",4150,23,6,17,23,17,73.9130434782609,"Long-term average annual precipitation in volume"
"Bosnia and Herzegovina",4157,23,6,17,23,17,73.9130434782609,"Total internal renewable water resources (IRWR)"
"Bosnia and Herzegovina",4158,23,6,17,23,17,73.9130434782609,"Total internal renewable water resources per capita"
"Bosnia and Herzegovina",4164,23,6,17,23,17,73.9130434782609,"Surface water: accounted inflow"
"Bosnia and Herzegovina",4176,23,6,17,23,17,73.9130434782609,"Surface water: total external renewable"
"Bosnia and Herzegovina",4182,23,6,17,23,17,73.9130434782609,"Water resources: total external renewable"
"Bosnia and Herzegovina",4185,23,6,17,23,17,73.9130434782609,"Total renewable surface water"
"Bosnia and Herzegovina",4187,23,6,17,23,17,73.9130434782609,"Total renewable groundwater"
"Bosnia and Herzegovina",4188,23,6,17,23,17,73.9130434782609,"Total renewable water resources"
"Bosnia and Herzegovina",4190,23,6,17,23,17,73.9130434782609,"Total renewable water resources per capita"
"Bosnia and Herzegovina",4192,23,6,17,23,17,73.9130434782609,"Dependency ratio"
"Bosnia and Herzegovina",4253,9,3,6,9,6,66.6666666666667,"Total water withdrawal"
"Bosnia and Herzegovina",4256,1,1,0,1,0,0,"Industrial water withdrawal as % of total water withdrawal"
"Bosnia and Herzegovina",4257,9,3,6,9,6,66.6666666666667,"Total water withdrawal per capita"
"Bosnia and Herzegovina",4263,9,3,6,9,6,66.6666666666667,"Total freshwater withdrawal (primary and secondary)"
"Bosnia and Herzegovina",4275,9,3,6,9,6,66.6666666666667,"MDG 7.5. Freshwater withdrawal as % of total renewable water resources"
"Bosnia and Herzegovina",4311,1,1,0,1,0,0,"Area equipped for full control irrigation: total"
"Bosnia and Herzegovina",4313,6,2,4,6,4,66.6666666666667,"Area equipped for irrigation: total"
"Bosnia and Herzegovina",4317,6,2,4,6,4,66.6666666666667,"Total agricultural water managed area"
"Bosnia and Herzegovina",4319,6,2,4,6,4,66.6666666666667,"% of agricultural water managed area equipped for irrigation"
"Bosnia and Herzegovina",4331,6,2,4,6,4,66.6666666666667,"% of the cultivated area equipped for irrigation"
"Bosnia and Herzegovina",4450,9,3,6,9,6,66.6666666666667,"Freshwater withdrawal as % of internal renewable water resources"
"Bosnia and Herzegovina",4457,1,1,0,1,0,0,"Municipal water withdrawal per capita (total population)"
"Bosnia and Herzegovina",4458,19,5,14,19,14,73.6842105263158,"GDP per Capita"
"Bosnia and Herzegovina",4467,9,3,6,9,6,66.6666666666667,"Freshwater withdrawal as % of total water withdrawal"
"Bosnia and Herzegovina",4468,1,1,0,1,0,0,"Municipal water withdrawal per capita (urban population)"
"Bosnia and Herzegovina",4470,23,6,17,23,17,73.9130434782609,"% of total country area cultivated"
"Bosnia and Herzegovina",4471,21,5,16,21,16,76.1904761904762,"Dam capacity per capita"
"Bosnia and Herzegovina",4531,1,1,0,1,0,0,"Industrial water withdrawal per capita"
"Bosnia and Herzegovina",4538,23,6,17,23,17,73.9130434782609,"% of economically active population active in agriculture"
"Bosnia and Herzegovina",4550,9,3,6,9,6,66.6666666666667,"Not defined6"
"Bosnia and Herzegovina",4553,1,1,0,1,0,0,"Not defined9"
"Bosnia and Herzegovina",4554,1,1,0,1,0,0,"Not defined10"
"Bosnia and Herzegovina",4556,1,1,0,1,0,0,"Not defined12"
"Brazil",4103,53,12,41,53,41,77.3584905660377,"Cultivated area (arable land + permanent crops)"
"Brazil",4105,54,12,42,54,42,77.7777777777778,"Rural population"
"Brazil",4107,54,12,42,54,42,77.7777777777778,"Population density"
"Brazil",4108,33,8,25,33,25,75.7575757575758,"Population economically active in agriculture"
"Brazil",4150,53,12,41,53,41,77.3584905660377,"Long-term average annual precipitation in volume"
"Brazil",4157,53,12,41,53,41,77.3584905660377,"Total internal renewable water resources (IRWR)"
"Brazil",4158,53,12,41,53,41,77.3584905660377,"Total internal renewable water resources per capita"
"Brazil",4164,53,12,41,53,41,77.3584905660377,"Surface water: accounted inflow"
"Brazil",4176,53,12,41,53,41,77.3584905660377,"Surface water: total external renewable"
"Brazil",4182,53,12,41,53,41,77.3584905660377,"Water resources: total external renewable"
"Brazil",4185,53,12,41,53,41,77.3584905660377,"Total renewable surface water"
"Brazil",4187,53,12,41,53,41,77.3584905660377,"Total renewable groundwater"
"Brazil",4188,53,12,41,53,41,77.3584905660377,"Total renewable water resources"
"Brazil",4190,53,12,41,53,41,77.3584905660377,"Total renewable water resources per capita"
"Brazil",4192,53,12,41,53,41,77.3584905660377,"Dependency ratio"
"Brazil",4253,24,4,20,24,20,83.3333333333333,"Total water withdrawal"
"Brazil",4254,15,3,12,15,12,80,"Agricultural water withdrawal as % of total water withdrawal"
"Brazil",4255,15,3,12,15,12,80,"Municipal water withdrawal as % of total withdrawal"
"Brazil",4256,15,3,12,15,12,80,"Industrial water withdrawal as % of total water withdrawal"
"Brazil",4257,24,4,20,24,20,83.3333333333333,"Total water withdrawal per capita"
"Brazil",4263,24,4,20,24,20,83.3333333333333,"Total freshwater withdrawal (primary and secondary)"
"Brazil",4271,1,1,0,1,0,0,"Agricultural water requirement as % of agricultural water withdrawal"
"Brazil",4273,15,3,12,15,12,80,"Agricultural water withdrawal as % of total renewable water resources"
"Brazil",4275,24,4,20,24,20,83.3333333333333,"MDG 7.5. Freshwater withdrawal as % of total renewable water resources"
"Brazil",4300,1,1,0,1,0,0,"Total cultivated area drained"
"Brazil",4305,1,1,0,1,0,0,"% of total cultivated area drained"
"Brazil",4311,13,3,10,13,10,76.9230769230769,"Area equipped for full control irrigation: total"
"Brazil",4313,50,3,47,50,47,94,"Area equipped for irrigation: total"
"Brazil",4317,13,3,10,13,10,76.9230769230769,"Total agricultural water managed area"
"Brazil",4319,13,3,10,13,10,76.9230769230769,"% of agricultural water managed area equipped for irrigation"
"Brazil",4323,3,2,1,3,1,33.3333333333333,"% of area equipped for irrigation by groundwater"
"Brazil",4324,3,2,1,3,1,33.3333333333333,"% of area equipped for irrigation by surface water"
"Brazil",4325,1,1,0,1,0,0,"% of area equipped for irrigation by mixed surface water and groundwater"
"Brazil",4328,1,1,0,1,0,0,"% of the area equipped for irrigation actually irrigated"
"Brazil",4330,13,3,10,13,10,76.9230769230769,"% of irrigation potential equipped for irrigation"
"Brazil",4331,13,3,10,13,10,76.9230769230769,"% of the cultivated area equipped for irrigation"
"Brazil",4445,1,1,0,1,0,0,"% of area equipped for irrigation salinized"
"Brazil",4450,24,4,20,24,20,83.3333333333333,"Freshwater withdrawal as % of internal renewable water resources"
"Brazil",4455,36,8,28,36,28,77.7777777777778,"Conservation agriculture area as % of arable land area"
"Brazil",4457,15,3,12,15,12,80,"Municipal water withdrawal per capita (total population)"
"Brazil",4458,54,12,42,54,42,77.7777777777778,"GDP per Capita"
"Brazil",4459,13,3,10,13,10,76.9230769230769,"Area equipped for full control irrigation: pressurized (sprinkler + localized)"
"Brazil",4462,1,1,0,1,0,0,"Harvested irrigated crop area as % of the full control irrigation area actually irrigated"
"Brazil",4463,1,1,0,1,0,0,"% of area equipped for full control irrigation actually irrigated"
"Brazil",4464,1,1,0,1,0,0,"Irrigated cropping intensity"
"Brazil",4467,24,4,20,24,20,83.3333333333333,"Freshwater withdrawal as % of total water withdrawal"
"Brazil",4468,15,3,12,15,12,80,"Municipal water withdrawal per capita (urban population)"
"Brazil",4470,53,12,41,53,41,77.3584905660377,"% of total country area cultivated"
"Brazil",4471,56,12,44,56,44,78.5714285714286,"Dam capacity per capita"
"Brazil",4531,16,3,13,16,13,81.25,"Industrial water withdrawal per capita"
"Brazil",4532,16,3,13,16,13,81.25,"Agricultural water withdrawal per capita"
"Brazil",4538,33,8,25,33,25,75.7575757575758,"% of economically active population active in agriculture"
"Brazil",4550,24,4,20,24,20,83.3333333333333,"Not defined6"
"Brazil",4551,15,3,12,15,12,80,"Not defined7"
"Brazil",4552,15,3,12,15,12,80,"Not defined8"
"Brazil",4553,15,3,12,15,12,80,"Not defined9"
"Brazil",4554,15,3,12,15,12,80,"Not defined10"
"Brazil",4555,1,1,0,1,0,0,"Not defined11"
"Brazil",4556,1,1,0,1,0,0,"Not defined12"
"Cameroon",4103,53,12,41,53,41,77.3584905660377,"Cultivated area (arable land + permanent crops)"
"Cameroon",4105,54,12,42,54,42,77.7777777777778,"Rural population"
"Cameroon",4107,54,12,42,54,42,77.7777777777778,"Population density"
"Cameroon",4108,33,8,25,33,25,75.7575757575758,"Population economically active in agriculture"
"Cameroon",4150,53,12,41,53,41,77.3584905660377,"Long-term average annual precipitation in volume"
"Cameroon",4157,53,12,41,53,41,77.3584905660377,"Total internal renewable water resources (IRWR)"
"Cameroon",4158,53,12,41,53,41,77.3584905660377,"Total internal renewable water resources per capita"
"Cameroon",4164,53,12,41,53,41,77.3584905660377,"Surface water: accounted inflow"
"Cameroon",4176,53,12,41,53,41,77.3584905660377,"Surface water: total external renewable"
"Cameroon",4182,53,12,41,53,41,77.3584905660377,"Water resources: total external renewable"
"Cameroon",4185,53,12,41,53,41,77.3584905660377,"Total renewable surface water"
"Cameroon",4187,53,12,41,53,41,77.3584905660377,"Total renewable groundwater"
"Cameroon",4188,53,12,41,53,41,77.3584905660377,"Total renewable water resources"
"Cameroon",4190,53,12,41,53,41,77.3584905660377,"Total renewable water resources per capita"
"Cameroon",4192,53,12,41,53,41,77.3584905660377,"Dependency ratio"
"Cameroon",4253,14,3,11,14,11,78.5714285714286,"Total water withdrawal"
"Cameroon",4254,14,3,11,14,11,78.5714285714286,"Agricultural water withdrawal as % of total water withdrawal"
"Cameroon",4255,14,3,11,14,11,78.5714285714286,"Municipal water withdrawal as % of total withdrawal"
"Cameroon",4256,14,3,11,14,11,78.5714285714286,"Industrial water withdrawal as % of total water withdrawal"
"Cameroon",4257,14,3,11,14,11,78.5714285714286,"Total water withdrawal per capita"
"Cameroon",4263,14,3,11,14,11,78.5714285714286,"Total freshwater withdrawal (primary and secondary)"
"Cameroon",4271,1,1,0,1,0,0,"Agricultural water requirement as % of agricultural water withdrawal"
"Cameroon",4273,14,3,11,14,11,78.5714285714286,"Agricultural water withdrawal as % of total renewable water resources"
"Cameroon",4275,14,3,11,14,11,78.5714285714286,"MDG 7.5. Freshwater withdrawal as % of total renewable water resources"
"Cameroon",4311,14,2,12,14,12,85.7142857142857,"Area equipped for full control irrigation: total"
"Cameroon",4313,14,2,12,14,12,85.7142857142857,"Area equipped for irrigation: total"
"Cameroon",4317,14,2,12,14,12,85.7142857142857,"Total agricultural water managed area"
"Cameroon",4319,14,2,12,14,12,85.7142857142857,"% of agricultural water managed area equipped for irrigation"
"Cameroon",4323,1,1,0,1,0,0,"% of area equipped for irrigation by groundwater"
"Cameroon",4324,1,1,0,1,0,0,"% of area equipped for irrigation by surface water"
"Cameroon",4330,14,2,12,14,12,85.7142857142857,"% of irrigation potential equipped for irrigation"
"Cameroon",4331,14,2,12,14,12,85.7142857142857,"% of the cultivated area equipped for irrigation"
"Cameroon",4450,14,3,11,14,11,78.5714285714286,"Freshwater withdrawal as % of internal renewable water resources"
"Cameroon",4457,19,4,15,19,15,78.9473684210526,"Municipal water withdrawal per capita (total population)"
"Cameroon",4458,54,12,42,54,42,77.7777777777778,"GDP per Capita"
"Cameroon",4459,1,1,0,1,0,0,"Area equipped for full control irrigation: pressurized (sprinkler + localized)"
"Cameroon",4462,1,1,0,1,0,0,"Harvested irrigated crop area as % of the full control irrigation area actually irrigated"
"Cameroon",4463,1,1,0,1,0,0,"% of area equipped for full control irrigation actually irrigated"
"Cameroon",4464,1,1,0,1,0,0,"Irrigated cropping intensity"
"Cameroon",4467,14,3,11,14,11,78.5714285714286,"Freshwater withdrawal as % of total water withdrawal"
"Cameroon",4468,19,4,15,19,15,78.9473684210526,"Municipal water withdrawal per capita (urban population)"
"Cameroon",4470,53,12,41,53,41,77.3584905660377,"% of total country area cultivated"
"Cameroon",4471,56,12,44,56,44,78.5714285714286,"Dam capacity per capita"
"Cameroon",4531,21,4,17,21,17,80.9523809523809,"Industrial water withdrawal per capita"
"Cameroon",4532,16,3,13,16,13,81.25,"Agricultural water withdrawal per capita"
"Cameroon",4538,33,8,25,33,25,75.7575757575758,"% of economically active population active in agriculture"
"Cameroon",4550,14,3,11,14,11,78.5714285714286,"Not defined6"
"Cameroon",4551,14,3,11,14,11,78.5714285714286,"Not defined7"
"Cameroon",4552,14,3,11,14,11,78.5714285714286,"Not defined8"
"Cameroon",4553,19,4,15,19,15,78.9473684210526,"Not defined9"
"Cameroon",4554,19,4,15,19,15,78.9473684210526,"Not defined10"
"Cameroon",4556,1,1,0,1,0,0,"Not defined12"
"Canada",4103,53,12,41,53,41,77.3584905660377,"Cultivated area (arable land + permanent crops)"
"Canada",4105,54,12,42,54,42,77.7777777777778,"Rural population"
"Canada",4107,54,12,42,54,42,77.7777777777778,"Population density"
"Canada",4108,33,8,25,33,25,75.7575757575758,"Population economically active in agriculture"
"Canada",4150,53,12,41,53,41,77.3584905660377,"Long-term average annual precipitation in volume"
"Canada",4157,53,12,41,53,41,77.3584905660377,"Total internal renewable water resources (IRWR)"
"Canada",4158,53,12,41,53,41,77.3584905660377,"Total internal renewable water resources per capita"
"Canada",4164,53,12,41,53,41,77.3584905660377,"Surface water: accounted inflow"
"Canada",4176,53,12,41,53,41,77.3584905660377,"Surface water: total external renewable"
"Canada",4182,53,12,41,53,41,77.3584905660377,"Water resources: total external renewable"
"Canada",4185,53,12,41,53,41,77.3584905660377,"Total renewable surface water"
"Canada",4187,53,12,41,53,41,77.3584905660377,"Total renewable groundwater"
"Canada",4188,53,12,41,53,41,77.3584905660377,"Total renewable water resources"
"Canada",4190,53,12,41,53,41,77.3584905660377,"Total renewable water resources per capita"
"Canada",4192,53,12,41,53,41,77.3584905660377,"Dependency ratio"
"Canada",4253,24,5,19,24,19,79.1666666666667,"Total water withdrawal"
"Canada",4254,20,4,16,20,16,80,"Agricultural water withdrawal as % of total water withdrawal"
"Canada",4255,17,3,14,17,14,82.3529411764706,"Municipal water withdrawal as % of total withdrawal"
"Canada",4256,17,3,14,17,14,82.3529411764706,"Industrial water withdrawal as % of total water withdrawal"
"Canada",4257,24,5,19,24,19,79.1666666666667,"Total water withdrawal per capita"
"Canada",4263,24,5,19,24,19,79.1666666666667,"Total freshwater withdrawal (primary and secondary)"
"Canada",4271,1,1,0,1,0,0,"Agricultural water requirement as % of agricultural water withdrawal"
"Canada",4273,20,4,16,20,16,80,"Agricultural water withdrawal as % of total renewable water resources"
"Canada",4275,24,5,19,24,19,79.1666666666667,"MDG 7.5. Freshwater withdrawal as % of total renewable water resources"
"Canada",4311,7,1,6,7,6,85.7142857142857,"Area equipped for full control irrigation: total"
"Canada",4313,46,1,45,46,45,97.8260869565217,"Area equipped for irrigation: total"
"Canada",4317,1,1,0,1,0,0,"Total agricultural water managed area"
"Canada",4319,1,1,0,1,0,0,"% of agricultural water managed area equipped for irrigation"
"Canada",4323,1,1,0,1,0,0,"% of area equipped for irrigation by groundwater"
"Canada",4324,1,1,0,1,0,0,"% of area equipped for irrigation by surface water"
"Canada",4328,1,1,0,1,0,0,"% of the area equipped for irrigation actually irrigated"
"Canada",4331,1,1,0,1,0,0,"% of the cultivated area equipped for irrigation"
"Canada",4450,24,5,19,24,19,79.1666666666667,"Freshwater withdrawal as % of internal renewable water resources"
"Canada",4455,23,6,17,23,17,73.9130434782609,"Conservation agriculture area as % of arable land area"
"Canada",4457,17,4,13,17,13,76.4705882352941,"Municipal water withdrawal per capita (total population)"
"Canada",4458,54,12,42,54,42,77.7777777777778,"GDP per Capita"
"Canada",4459,1,1,0,1,0,0,"Area equipped for full control irrigation: pressurized (sprinkler + localized)"
"Canada",4463,1,1,0,1,0,0,"% of area equipped for full control irrigation actually irrigated"
"Canada",4467,24,5,19,24,19,79.1666666666667,"Freshwater withdrawal as % of total water withdrawal"
"Canada",4468,17,4,13,17,13,76.4705882352941,"Municipal water withdrawal per capita (urban population)"
"Canada",4470,53,12,41,53,41,77.3584905660377,"% of total country area cultivated"
"Canada",4471,56,12,44,56,44,78.5714285714286,"Dam capacity per capita"
"Canada",4531,16,4,12,16,12,75,"Industrial water withdrawal per capita"
"Canada",4532,21,4,17,21,17,80.9523809523809,"Agricultural water withdrawal per capita"
"Canada",4538,33,8,25,33,25,75.7575757575758,"% of economically active population active in agriculture"
"Canada",4550,24,5,19,24,19,79.1666666666667,"Not defined6"
"Canada",4551,17,3,14,17,14,82.3529411764706,"Not defined7"
"Canada",4552,20,4,16,20,16,80,"Not defined8"
"Canada",4553,17,4,13,17,13,76.4705882352941,"Not defined9"
"Canada",4554,17,4,13,17,13,76.4705882352941,"Not defined10"
"Canada",4555,1,1,0,1,0,0,"Not defined11"
"Canada",4556,1,1,0,1,0,0,"Not defined12"
"Central African Republic",4103,53,12,41,53,41,77.3584905660377,"Cultivated area (arable land + permanent crops)"
"Central African Republic",4105,54,12,42,54,42,77.7777777777778,"Rural population"
"Central African Republic",4107,54,12,42,54,42,77.7777777777778,"Population density"
"Central African Republic",4108,33,8,25,33,25,75.7575757575758,"Population economically active in agriculture"
"Central African Republic",4150,53,12,41,53,41,77.3584905660377,"Long-term average annual precipitation in volume"
"Central African Republic",4157,53,12,41,53,41,77.3584905660377,"Total internal renewable water resources (IRWR)"
"Central African Republic",4158,53,12,41,53,41,77.3584905660377,"Total internal renewable water resources per capita"
"Central African Republic",4164,53,12,41,53,41,77.3584905660377,"Surface water: accounted inflow"
"Central African Republic",4176,53,12,41,53,41,77.3584905660377,"Surface water: total external renewable"
"Central African Republic",4182,53,12,41,53,41,77.3584905660377,"Water resources: total external renewable"
"Central African Republic",4185,53,12,41,53,41,77.3584905660377,"Total renewable surface water"
"Central African Republic",4187,53,12,41,53,41,77.3584905660377,"Total renewable groundwater"
"Central African Republic",4188,53,12,41,53,41,77.3584905660377,"Total renewable water resources"
"Central African Republic",4190,53,12,41,53,41,77.3584905660377,"Total renewable water resources per capita"
"Central African Republic",4192,53,12,41,53,41,77.3584905660377,"Dependency ratio"
"Central African Republic",4253,19,3,16,19,16,84.2105263157895,"Total water withdrawal"
"Central African Republic",4254,19,3,16,19,16,84.2105263157895,"Agricultural water withdrawal as % of total water withdrawal"
"Central African Republic",4255,19,3,16,19,16,84.2105263157895,"Municipal water withdrawal as % of total withdrawal"
"Central African Republic",4256,19,3,16,19,16,84.2105263157895,"Industrial water withdrawal as % of total water withdrawal"
"Central African Republic",4257,19,3,16,19,16,84.2105263157895,"Total water withdrawal per capita"
"Central African Republic",4263,19,3,16,19,16,84.2105263157895,"Total freshwater withdrawal (primary and secondary)"
"Central African Republic",4271,1,1,0,1,0,0,"Agricultural water requirement as % of agricultural water withdrawal"
"Central African Republic",4273,19,3,16,19,16,84.2105263157895,"Agricultural water withdrawal as % of total renewable water resources"
"Central African Republic",4275,19,3,16,19,16,84.2105263157895,"MDG 7.5. Freshwater withdrawal as % of total renewable water resources"
"Central African Republic",4311,1,1,0,1,0,0,"Area equipped for full control irrigation: total"
"Central African Republic",4313,1,1,0,1,0,0,"Area equipped for irrigation: total"
"Central African Republic",4317,1,1,0,1,0,0,"Total agricultural water managed area"
"Central African Republic",4319,1,1,0,1,0,0,"% of agricultural water managed area equipped for irrigation"
"Central African Republic",4324,1,1,0,1,0,0,"% of area equipped for irrigation by surface water"
"Central African Republic",4328,1,1,0,1,0,0,"% of the area equipped for irrigation actually irrigated"
"Central African Republic",4330,1,1,0,1,0,0,"% of irrigation potential equipped for irrigation"
"Central African Republic",4331,1,1,0,1,0,0,"% of the cultivated area equipped for irrigation"
"Central African Republic",4450,19,3,16,19,16,84.2105263157895,"Freshwater withdrawal as % of internal renewable water resources"
"Central African Republic",4457,19,3,16,19,16,84.2105263157895,"Municipal water withdrawal per capita (total population)"
"Central African Republic",4458,54,12,42,54,42,77.7777777777778,"GDP per Capita"
"Central African Republic",4462,1,1,0,1,0,0,"Harvested irrigated crop area as % of the full control irrigation area actually irrigated"
"Central African Republic",4463,1,1,0,1,0,0,"% of area equipped for full control irrigation actually irrigated"
"Central African Republic",4464,1,1,0,1,0,0,"Irrigated cropping intensity"
"Central African Republic",4467,19,3,16,19,16,84.2105263157895,"Freshwater withdrawal as % of total water withdrawal"
"Central African Republic",4468,19,3,16,19,16,84.2105263157895,"Municipal water withdrawal per capita (urban population)"
"Central African Republic",4470,53,12,41,53,41,77.3584905660377,"% of total country area cultivated"
"Central African Republic",4531,21,3,18,21,18,85.7142857142857,"Industrial water withdrawal per capita"
"Central African Republic",4532,21,3,18,21,18,85.7142857142857,"Agricultural water withdrawal per capita"
"Central African Republic",4538,33,8,25,33,25,75.7575757575758,"% of economically active population active in agriculture"
"Central African Republic",4550,19,3,16,19,16,84.2105263157895,"Not defined6"
"Central African Republic",4551,19,3,16,19,16,84.2105263157895,"Not defined7"
"Central African Republic",4552,19,3,16,19,16,84.2105263157895,"Not defined8"
"Central African Republic",4553,19,3,16,19,16,84.2105263157895,"Not defined9"
"Central African Republic",4554,19,3,16,19,16,84.2105263157895,"Not defined10"
"Central African Republic",4556,1,1,0,1,0,0,"Not defined12"
"Chad",4103,53,12,41,53,41,77.3584905660377,"Cultivated area (arable land + permanent crops)"
"Chad",4105,54,12,42,54,42,77.7777777777778,"Rural population"
"Chad",4107,54,12,42,54,42,77.7777777777778,"Population density"
"Chad",4108,33,8,25,33,25,75.7575757575758,"Population economically active in agriculture"
"Chad",4150,53,12,41,53,41,77.3584905660377,"Long-term average annual precipitation in volume"
"Chad",4157,53,12,41,53,41,77.3584905660377,"Total internal renewable water resources (IRWR)"
"Chad",4158,53,12,41,53,41,77.3584905660377,"Total internal renewable water resources per capita"
"Chad",4164,53,12,41,53,41,77.3584905660377,"Surface water: accounted inflow"
"Chad",4176,53,12,41,53,41,77.3584905660377,"Surface water: total external renewable"
"Chad",4182,53,12,41,53,41,77.3584905660377,"Water resources: total external renewable"
"Chad",4185,53,12,41,53,41,77.3584905660377,"Total renewable surface water"
"Chad",4187,53,12,41,53,41,77.3584905660377,"Total renewable groundwater"
"Chad",4188,53,12,41,53,41,77.3584905660377,"Total renewable water resources"
"Chad",4190,53,12,41,53,41,77.3584905660377,"Total renewable water resources per capita"
"Chad",4192,53,12,41,53,41,77.3584905660377,"Dependency ratio"
"Chad",4253,19,3,16,19,16,84.2105263157895,"Total water withdrawal"
"Chad",4254,19,3,16,19,16,84.2105263157895,"Agricultural water withdrawal as % of total water withdrawal"
"Chad",4255,19,3,16,19,16,84.2105263157895,"Municipal water withdrawal as % of total withdrawal"
"Chad",4256,19,3,16,19,16,84.2105263157895,"Industrial water withdrawal as % of total water withdrawal"
"Chad",4257,19,3,16,19,16,84.2105263157895,"Total water withdrawal per capita"
"Chad",4263,19,3,16,19,16,84.2105263157895,"Total freshwater withdrawal (primary and secondary)"
"Chad",4271,1,1,0,1,0,0,"Agricultural water requirement as % of agricultural water withdrawal"
"Chad",4273,19,3,16,19,16,84.2105263157895,"Agricultural water withdrawal as % of total renewable water resources"
"Chad",4275,19,3,16,19,16,84.2105263157895,"MDG 7.5. Freshwater withdrawal as % of total renewable water resources"
"Chad",4311,15,2,13,15,13,86.6666666666667,"Area equipped for full control irrigation: total"
"Chad",4313,15,2,13,15,13,86.6666666666667,"Area equipped for irrigation: total"
"Chad",4317,15,2,13,15,13,86.6666666666667,"Total agricultural water managed area"
"Chad",4319,15,2,13,15,13,86.6666666666667,"% of agricultural water managed area equipped for irrigation"
"Chad",4323,1,1,0,1,0,0,"% of area equipped for irrigation by groundwater"
"Chad",4324,1,1,0,1,0,0,"% of area equipped for irrigation by surface water"
"Chad",4327,15,2,13,15,13,86.6666666666667,"% of area equipped for irrigation power irrigated"
"Chad",4328,15,2,13,15,13,86.6666666666667,"% of the area equipped for irrigation actually irrigated"
"Chad",4330,15,2,13,15,13,86.6666666666667,"% of irrigation potential equipped for irrigation"
"Chad",4331,15,2,13,15,13,86.6666666666667,"% of the cultivated area equipped for irrigation"
"Chad",4448,1,1,0,1,0,0,"Other agricultural water managed area"
"Chad",4450,19,3,16,19,16,84.2105263157895,"Freshwater withdrawal as % of internal renewable water resources"
"Chad",4457,19,3,16,19,16,84.2105263157895,"Municipal water withdrawal per capita (total population)"
"Chad",4458,54,12,42,54,42,77.7777777777778,"GDP per Capita"
"Chad",4459,15,2,13,15,13,86.6666666666667,"Area equipped for full control irrigation: pressurized (sprinkler + localized)"
"Chad",4462,1,1,0,1,0,0,"Harvested irrigated crop area as % of the full control irrigation area actually irrigated"
"Chad",4463,15,2,13,15,13,86.6666666666667,"% of area equipped for full control irrigation actually irrigated"
"Chad",4464,1,1,0,1,0,0,"Irrigated cropping intensity"
"Chad",4467,19,3,16,19,16,84.2105263157895,"Freshwater withdrawal as % of total water withdrawal"
"Chad",4468,19,3,16,19,16,84.2105263157895,"Municipal water withdrawal per capita (urban population)"
"Chad",4470,53,12,41,53,41,77.3584905660377,"% of total country area cultivated"
"Chad",4531,21,3,18,21,18,85.7142857142857,"Industrial water withdrawal per capita"
"Chad",4532,21,3,18,21,18,85.7142857142857,"Agricultural water withdrawal per capita"
"Chad",4538,33,8,25,33,25,75.7575757575758,"% of economically active population active in agriculture"
"Chad",4550,19,3,16,19,16,84.2105263157895,"Not defined6"
"Chad",4551,19,3,16,19,16,84.2105263157895,"Not defined7"
"Chad",4552,19,3,16,19,16,84.2105263157895,"Not defined8"
"Chad",4553,19,3,16,19,16,84.2105263157895,"Not defined9"
"Chad",4554,19,3,16,19,16,84.2105263157895,"Not defined10"
"Chad",4556,1,1,0,1,0,0,"Not defined12"
"Chile",4103,53,12,41,53,41,77.3584905660377,"Cultivated area (arable land + permanent crops)"
"Chile",4105,54,12,42,54,42,77.7777777777778,"Rural population"
"Chile",4107,54,12,42,54,42,77.7777777777778,"Population density"
"Chile",4108,33,8,25,33,25,75.7575757575758,"Population economically active in agriculture"
"Chile",4150,53,12,41,53,41,77.3584905660377,"Long-term average annual precipitation in volume"
"Chile",4157,53,12,41,53,41,77.3584905660377,"Total internal renewable water resources (IRWR)"
"Chile",4158,53,12,41,53,41,77.3584905660377,"Total internal renewable water resources per capita"
"Chile",4164,53,12,41,53,41,77.3584905660377,"Surface water: accounted inflow"
"Chile",4176,53,12,41,53,41,77.3584905660377,"Surface water: total external renewable"
"Chile",4182,53,12,41,53,41,77.3584905660377,"Water resources: total external renewable"
"Chile",4185,53,12,41,53,41,77.3584905660377,"Total renewable surface water"
"Chile",4187,53,12,41,53,41,77.3584905660377,"Total renewable groundwater"
"Chile",4188,53,12,41,53,41,77.3584905660377,"Total renewable water resources"
"Chile",4190,53,12,41,53,41,77.3584905660377,"Total renewable water resources per capita"
"Chile",4192,53,12,41,53,41,77.3584905660377,"Dependency ratio"
"Chile",4253,15,2,13,15,13,86.6666666666667,"Total water withdrawal"
"Chile",4254,1,1,0,1,0,0,"Agricultural water withdrawal as % of total water withdrawal"
"Chile",4255,15,2,13,15,13,86.6666666666667,"Municipal water withdrawal as % of total withdrawal"
"Chile",4256,15,2,13,15,13,86.6666666666667,"Industrial water withdrawal as % of total water withdrawal"
"Chile",4257,15,2,13,15,13,86.6666666666667,"Total water withdrawal per capita"
"Chile",4263,15,2,13,15,13,86.6666666666667,"Total freshwater withdrawal (primary and secondary)"
"Chile",4273,15,2,13,15,13,86.6666666666667,"Agricultural water withdrawal as % of total renewable water resources"
"Chile",4275,15,2,13,15,13,86.6666666666667,"MDG 7.5. Freshwater withdrawal as % of total renewable water resources"
"Chile",4300,13,2,11,13,11,84.6153846153846,"Total cultivated area drained"
"Chile",4305,13,2,11,13,11,84.6153846153846,"% of total cultivated area drained"
"Chile",4311,17,1,16,17,16,94.1176470588235,"Area equipped for full control irrigation: total"
"Chile",4313,47,1,46,47,46,97.8723404255319,"Area equipped for irrigation: total"
"Chile",4317,1,1,0,1,0,0,"Total agricultural water managed area"
"Chile",4319,1,1,0,1,0,0,"% of agricultural water managed area equipped for irrigation"
"Chile",4323,1,1,0,1,0,0,"% of area equipped for irrigation by groundwater"
"Chile",4324,1,1,0,1,0,0,"% of area equipped for irrigation by surface water"
"Chile",4325,1,1,0,1,0,0,"% of area equipped for irrigation by mixed surface water and groundwater"
"Chile",4328,1,1,0,1,0,0,"% of the area equipped for irrigation actually irrigated"
"Chile",4330,1,1,0,1,0,0,"% of irrigation potential equipped for irrigation"
"Chile",4331,1,1,0,1,0,0,"% of the cultivated area equipped for irrigation"
"Chile",4450,15,2,13,15,13,86.6666666666667,"Freshwater withdrawal as % of internal renewable water resources"
"Chile",4455,4,2,2,4,2,50,"Conservation agriculture area as % of arable land area"
"Chile",4457,32,4,28,32,28,87.5,"Municipal water withdrawal per capita (total population)"
"Chile",4458,54,12,42,54,42,77.7777777777778,"GDP per Capita"
"Chile",4459,1,1,0,1,0,0,"Area equipped for full control irrigation: pressurized (sprinkler + localized)"
"Chile",4462,1,1,0,1,0,0,"Harvested irrigated crop area as % of the full control irrigation area actually irrigated"
"Chile",4463,1,1,0,1,0,0,"% of area equipped for full control irrigation actually irrigated"
"Chile",4464,1,1,0,1,0,0,"Irrigated cropping intensity"
"Chile",4467,15,2,13,15,13,86.6666666666667,"Freshwater withdrawal as % of total water withdrawal"
"Chile",4468,32,4,28,32,28,87.5,"Municipal water withdrawal per capita (urban population)"
"Chile",4470,53,12,41,53,41,77.3584905660377,"% of total country area cultivated"
"Chile",4471,54,12,42,54,42,77.7777777777778,"Dam capacity per capita"
"Chile",4531,31,4,27,31,27,87.0967741935484,"Industrial water withdrawal per capita"
"Chile",4532,1,1,0,1,0,0,"Agricultural water withdrawal per capita"
"Chile",4538,33,8,25,33,25,75.7575757575758,"% of economically active population active in agriculture"
"Chile",4550,15,2,13,15,13,86.6666666666667,"Not defined6"
"Chile",4551,1,1,0,1,0,0,"Not defined7"
"Chile",4552,1,1,0,1,0,0,"Not defined8"
"Chile",4553,32,4,28,32,28,87.5,"Not defined9"
"Chile",4554,32,4,28,32,28,87.5,"Not defined10"
"Chile",4555,1,1,0,1,0,0,"Not defined11"
"Chile",4556,1,1,0,1,0,0,"Not defined12"
"China",4103,53,12,41,53,41,77.3584905660377,"Cultivated area (arable land + permanent crops)"
"China",4105,54,12,42,54,42,77.7777777777778,"Rural population"
"China",4107,54,12,42,54,42,77.7777777777778,"Population density"
"China",4108,33,8,25,33,25,75.7575757575758,"Population economically active in agriculture"
"China",4150,53,12,41,53,41,77.3584905660377,"Long-term average annual precipitation in volume"
"China",4157,53,12,41,53,41,77.3584905660377,"Total internal renewable water resources (IRWR)"
"China",4158,53,12,41,53,41,77.3584905660377,"Total internal renewable water resources per capita"
"China",4164,53,12,41,53,41,77.3584905660377,"Surface water: accounted inflow"
"China",4176,53,12,41,53,41,77.3584905660377,"Surface water: total external renewable"
"China",4182,53,12,41,53,41,77.3584905660377,"Water resources: total external renewable"
"China",4185,53,12,41,53,41,77.3584905660377,"Total renewable surface water"
"China",4187,53,12,41,53,41,77.3584905660377,"Total renewable groundwater"
"China",4188,53,12,41,53,41,77.3584905660377,"Total renewable water resources"
"China",4190,53,12,41,53,41,77.3584905660377,"Total renewable water resources per capita"
"China",4192,53,12,41,53,41,77.3584905660377,"Dependency ratio"
"China",4253,36,8,28,36,28,77.7777777777778,"Total water withdrawal"
"China",4254,36,8,28,36,28,77.7777777777778,"Agricultural water withdrawal as % of total water withdrawal"
"China",4255,36,8,28,36,28,77.7777777777778,"Municipal water withdrawal as % of total withdrawal"
"China",4256,36,8,28,36,28,77.7777777777778,"Industrial water withdrawal as % of total water withdrawal"
"China",4257,36,8,28,36,28,77.7777777777778,"Total water withdrawal per capita"
"China",4263,36,8,28,36,28,77.7777777777778,"Total freshwater withdrawal (primary and secondary)"
"China",4271,1,1,0,1,0,0,"Agricultural water requirement as % of agricultural water withdrawal"
"China",4273,36,8,28,36,28,77.7777777777778,"Agricultural water withdrawal as % of total renewable water resources"
"China",4275,36,8,28,36,28,77.7777777777778,"MDG 7.5. Freshwater withdrawal as % of total renewable water resources"
"China",4300,21,5,16,21,16,76.1904761904762,"Total cultivated area drained"
"China",4305,21,5,16,21,16,76.1904761904762,"% of total cultivated area drained"
"China",4311,32,7,25,32,25,78.125,"Area equipped for full control irrigation: total"
"China",4313,39,8,31,39,31,79.4871794871795,"Area equipped for irrigation: total"
"China",4317,39,8,31,39,31,79.4871794871795,"Total agricultural water managed area"
"China",4319,39,8,31,39,31,79.4871794871795,"% of agricultural water managed area equipped for irrigation"
"China",4323,22,2,20,22,20,90.9090909090909,"% of area equipped for irrigation by groundwater"
"China",4324,22,2,20,22,20,90.9090909090909,"% of area equipped for irrigation by surface water"
"China",4327,32,6,26,32,26,81.25,"% of area equipped for irrigation power irrigated"
"China",4328,39,7,32,39,32,82.051282051282,"% of the area equipped for irrigation actually irrigated"
"China",4330,39,8,31,39,31,79.4871794871795,"% of irrigation potential equipped for irrigation"
"China",4331,39,8,31,39,31,79.4871794871795,"% of the cultivated area equipped for irrigation"
"China",4445,1,1,0,1,0,0,"% of area equipped for irrigation salinized"
"China",4446,15,3,12,15,12,80,"% of area equipped for irrigation drained"
"China",4450,36,8,28,36,28,77.7777777777778,"Freshwater withdrawal as % of internal renewable water resources"
"China",4455,9,3,6,9,6,66.6666666666667,"Conservation agriculture area as % of arable land area"
"China",4457,36,8,28,36,28,77.7777777777778,"Municipal water withdrawal per capita (total population)"
"China",4458,54,12,42,54,42,77.7777777777778,"GDP per Capita"
"China",4459,25,5,20,25,20,80,"Area equipped for full control irrigation: pressurized (sprinkler + localized)"
"China",4462,1,1,0,1,0,0,"Harvested irrigated crop area as % of the full control irrigation area actually irrigated"
"China",4463,32,6,26,32,26,81.25,"% of area equipped for full control irrigation actually irrigated"
"China",4464,1,1,0,1,0,0,"Irrigated cropping intensity"
"China",4466,9,3,6,9,6,66.6666666666667,"% of area equipped by direct use of treated municipal wastewater"
"China",4467,36,8,28,36,28,77.7777777777778,"Freshwater withdrawal as % of total water withdrawal"
"China",4468,36,8,28,36,28,77.7777777777778,"Municipal water withdrawal per capita (urban population)"
"China",4470,53,12,41,53,41,77.3584905660377,"% of total country area cultivated"
"China",4471,19,3,16,19,16,84.2105263157895,"Dam capacity per capita"
"China",4514,1,1,0,1,0,0,"% of area equipped for irrigation by direct use of non-treated municipal wastewater"
"China",4531,34,8,26,34,26,76.4705882352941,"Industrial water withdrawal per capita"
"China",4532,34,8,26,34,26,76.4705882352941,"Agricultural water withdrawal per capita"
"China",4538,33,8,25,33,25,75.7575757575758,"% of economically active population active in agriculture"
"China",4550,36,8,28,36,28,77.7777777777778,"Not defined6"
"China",4551,36,8,28,36,28,77.7777777777778,"Not defined7"
"China",4552,36,8,28,36,28,77.7777777777778,"Not defined8"
"China",4553,36,8,28,36,28,77.7777777777778,"Not defined9"
"China",4554,36,8,28,36,28,77.7777777777778,"Not defined10"
"China",4555,1,1,0,1,0,0,"Not defined11"
"China",4556,1,1,0,1,0,0,"Not defined12"
"Colombia",4103,53,12,41,53,41,77.3584905660377,"Cultivated area (arable land + permanent crops)"
"Colombia",4105,54,12,42,54,42,77.7777777777778,"Rural population"
"Colombia",4107,54,12,42,54,42,77.7777777777778,"Population density"
"Colombia",4108,33,8,25,33,25,75.7575757575758,"Population economically active in agriculture"
"Colombia",4150,53,12,41,53,41,77.3584905660377,"Long-term average annual precipitation in volume"
"Colombia",4157,53,12,41,53,41,77.3584905660377,"Total internal renewable water resources (IRWR)"
"Colombia",4158,53,12,41,53,41,77.3584905660377,"Total internal renewable water resources per capita"
"Colombia",4164,53,12,41,53,41,77.3584905660377,"Surface water: accounted inflow"
"Colombia",4176,53,12,41,53,41,77.3584905660377,"Surface water: total external renewable"
"Colombia",4182,53,12,41,53,41,77.3584905660377,"Water resources: total external renewable"
"Colombia",4185,53,12,41,53,41,77.3584905660377,"Total renewable surface water"
"Colombia",4187,53,12,41,53,41,77.3584905660377,"Total renewable groundwater"
"Colombia",4188,53,12,41,53,41,77.3584905660377,"Total renewable water resources"
"Colombia",4190,53,12,41,53,41,77.3584905660377,"Total renewable water resources per capita"
"Colombia",4192,53,12,41,53,41,77.3584905660377,"Dependency ratio"
"Colombia",4253,9,2,7,9,7,77.7777777777778,"Total water withdrawal"
"Colombia",4254,9,2,7,9,7,77.7777777777778,"Agricultural water withdrawal as % of total water withdrawal"
"Colombia",4255,9,2,7,9,7,77.7777777777778,"Municipal water withdrawal as % of total withdrawal"
"Colombia",4256,9,2,7,9,7,77.7777777777778,"Industrial water withdrawal as % of total water withdrawal"
"Colombia",4257,9,2,7,9,7,77.7777777777778,"Total water withdrawal per capita"
"Colombia",4263,9,2,7,9,7,77.7777777777778,"Total freshwater withdrawal (primary and secondary)"
"Colombia",4271,1,1,0,1,0,0,"Agricultural water requirement as % of agricultural water withdrawal"
"Colombia",4273,13,3,10,13,10,76.9230769230769,"Agricultural water withdrawal as % of total renewable water resources"
"Colombia",4275,13,3,10,13,10,76.9230769230769,"MDG 7.5. Freshwater withdrawal as % of total renewable water resources"
"Colombia",4300,1,1,0,1,0,0,"Total cultivated area drained"
"Colombia",4305,1,1,0,1,0,0,"% of total cultivated area drained"
"Colombia",4311,14,2,12,14,12,85.7142857142857,"Area equipped for full control irrigation: total"
"Colombia",4313,51,3,48,51,48,94.1176470588235,"Area equipped for irrigation: total"
"Colombia",4317,17,3,14,17,14,82.3529411764706,"Total agricultural water managed area"
"Colombia",4319,17,3,14,17,14,82.3529411764706,"% of agricultural water managed area equipped for irrigation"
"Colombia",4328,1,1,0,1,0,0,"% of the area equipped for irrigation actually irrigated"
"Colombia",4330,17,3,14,17,14,82.3529411764706,"% of irrigation potential equipped for irrigation"
"Colombia",4331,17,3,14,17,14,82.3529411764706,"% of the cultivated area equipped for irrigation"
"Colombia",4445,1,1,0,1,0,0,"% of area equipped for irrigation salinized"
"Colombia",4446,1,1,0,1,0,0,"% of area equipped for irrigation drained"
"Colombia",4450,9,2,7,9,7,77.7777777777778,"Freshwater withdrawal as % of internal renewable water resources"
"Colombia",4455,7,2,5,7,5,71.4285714285714,"Conservation agriculture area as % of arable land area"
"Colombia",4457,9,2,7,9,7,77.7777777777778,"Municipal water withdrawal per capita (total population)"
"Colombia",4458,54,12,42,54,42,77.7777777777778,"GDP per Capita"
"Colombia",4459,1,1,0,1,0,0,"Area equipped for full control irrigation: pressurized (sprinkler + localized)"
"Colombia",4462,1,1,0,1,0,0,"Harvested irrigated crop area as % of the full control irrigation area actually irrigated"
"Colombia",4463,1,1,0,1,0,0,"% of area equipped for full control irrigation actually irrigated"
"Colombia",4464,1,1,0,1,0,0,"Irrigated cropping intensity"
"Colombia",4467,9,2,7,9,7,77.7777777777778,"Freshwater withdrawal as % of total water withdrawal"
"Colombia",4468,9,2,7,9,7,77.7777777777778,"Municipal water withdrawal per capita (urban population)"
"Colombia",4470,53,12,41,53,41,77.3584905660377,"% of total country area cultivated"
"Colombia",4471,56,12,44,56,44,78.5714285714286,"Dam capacity per capita"
"Colombia",4531,11,2,9,11,9,81.8181818181818,"Industrial water withdrawal per capita"
"Colombia",4532,16,3,13,16,13,81.25,"Agricultural water withdrawal per capita"
"Colombia",4538,33,8,25,33,25,75.7575757575758,"% of economically active population active in agriculture"
"Colombia",4550,9,2,7,9,7,77.7777777777778,"Not defined6"
"Colombia",4551,9,2,7,9,7,77.7777777777778,"Not defined7"
"Colombia",4552,13,3,10,13,10,76.9230769230769,"Not defined8"
"Colombia",4553,9,2,7,9,7,77.7777777777778,"Not defined9"
"Colombia",4554,9,2,7,9,7,77.7777777777778,"Not defined10"
"Colombia",4555,1,1,0,1,0,0,"Not defined11"
"Colombia",4556,18,2,16,18,16,88.8888888888889,"Not defined12"
"Djibouti",4103,53,12,41,53,41,77.3584905660377,"Cultivated area (arable land + permanent crops)"
"Djibouti",4105,54,12,42,54,42,77.7777777777778,"Rural population"
"Djibouti",4107,54,12,42,54,42,77.7777777777778,"Population density"
"Djibouti",4108,33,8,25,33,25,75.7575757575758,"Population economically active in agriculture"
"Djibouti",4150,53,12,41,53,41,77.3584905660377,"Long-term average annual precipitation in volume"
"Djibouti",4157,53,12,41,53,41,77.3584905660377,"Total internal renewable water resources (IRWR)"
"Djibouti",4158,53,12,41,53,41,77.3584905660377,"Total internal renewable water resources per capita"
"Djibouti",4164,53,12,41,53,41,77.3584905660377,"Surface water: accounted inflow"
"Djibouti",4176,53,12,41,53,41,77.3584905660377,"Surface water: total external renewable"
"Djibouti",4182,53,12,41,53,41,77.3584905660377,"Water resources: total external renewable"
"Djibouti",4185,53,12,41,53,41,77.3584905660377,"Total renewable surface water"
"Djibouti",4187,53,12,41,53,41,77.3584905660377,"Total renewable groundwater"
"Djibouti",4188,53,12,41,53,41,77.3584905660377,"Total renewable water resources"
"Djibouti",4190,53,12,41,53,41,77.3584905660377,"Total renewable water resources per capita"
"Djibouti",4192,53,12,41,53,41,77.3584905660377,"Dependency ratio"
"Djibouti",4253,16,2,14,16,14,87.5,"Total water withdrawal"
"Djibouti",4254,16,2,14,16,14,87.5,"Agricultural water withdrawal as % of total water withdrawal"
"Djibouti",4255,16,2,14,16,14,87.5,"Municipal water withdrawal as % of total withdrawal"
"Djibouti",4256,16,2,14,16,14,87.5,"Industrial water withdrawal as % of total water withdrawal"
"Djibouti",4257,16,2,14,16,14,87.5,"Total water withdrawal per capita"
"Djibouti",4263,16,2,14,16,14,87.5,"Total freshwater withdrawal (primary and secondary)"
"Djibouti",4271,1,1,0,1,0,0,"Agricultural water requirement as % of agricultural water withdrawal"
"Djibouti",4273,16,2,14,16,14,87.5,"Agricultural water withdrawal as % of total renewable water resources"
"Djibouti",4275,16,2,14,16,14,87.5,"MDG 7.5. Freshwater withdrawal as % of total renewable water resources"
"Djibouti",4311,11,2,9,11,9,81.8181818181818,"Area equipped for full control irrigation: total"
"Djibouti",4313,11,2,9,11,9,81.8181818181818,"Area equipped for irrigation: total"
"Djibouti",4317,11,2,9,11,9,81.8181818181818,"Total agricultural water managed area"
"Djibouti",4319,11,2,9,11,9,81.8181818181818,"% of agricultural water managed area equipped for irrigation"
"Djibouti",4323,1,1,0,1,0,0,"% of area equipped for irrigation by groundwater"
"Djibouti",4325,1,1,0,1,0,0,"% of area equipped for irrigation by mixed surface water and groundwater"
"Djibouti",4328,11,2,9,11,9,81.8181818181818,"% of the area equipped for irrigation actually irrigated"
"Djibouti",4330,11,2,9,11,9,81.8181818181818,"% of irrigation potential equipped for irrigation"
"Djibouti",4331,11,2,9,11,9,81.8181818181818,"% of the cultivated area equipped for irrigation"
"Djibouti",4450,16,2,14,16,14,87.5,"Freshwater withdrawal as % of internal renewable water resources"
"Djibouti",4457,16,2,14,16,14,87.5,"Municipal water withdrawal per capita (total population)"
"Djibouti",4458,28,7,21,28,21,75,"GDP per Capita"
"Djibouti",4462,11,2,9,11,9,81.8181818181818,"Harvested irrigated crop area as % of the full control irrigation area actually irrigated"
"Djibouti",4463,11,2,9,11,9,81.8181818181818,"% of area equipped for full control irrigation actually irrigated"
"Djibouti",4464,11,2,9,11,9,81.8181818181818,"Irrigated cropping intensity"
"Djibouti",4467,16,2,14,16,14,87.5,"Freshwater withdrawal as % of total water withdrawal"
"Djibouti",4468,16,2,14,16,14,87.5,"Municipal water withdrawal per capita (urban population)"
"Djibouti",4470,53,12,41,53,41,77.3584905660377,"% of total country area cultivated"
"Djibouti",4531,16,2,14,16,14,87.5,"Industrial water withdrawal per capita"
"Djibouti",4532,16,2,14,16,14,87.5,"Agricultural water withdrawal per capita"
"Djibouti",4538,33,8,25,33,25,75.7575757575758,"% of economically active population active in agriculture"
"Djibouti",4550,16,2,14,16,14,87.5,"Not defined6"
"Djibouti",4552,16,2,14,16,14,87.5,"Not defined8"
"Djibouti",4554,16,2,14,16,14,87.5,"Not defined10"
"Djibouti",4555,55,12,43,55,43,78.1818181818182,"Not defined11"
"Djibouti",4556,55,12,43,55,43,78.1818181818182,"Not defined12"
"Dominica",4103,53,12,41,53,41,77.3584905660377,"Cultivated area (arable land + permanent crops)"
"Dominica",4105,54,12,42,54,42,77.7777777777778,"Rural population"
"Dominica",4107,54,12,42,54,42,77.7777777777778,"Population density"
"Dominica",4108,33,8,25,33,25,75.7575757575758,"Population economically active in agriculture"
"Dominica",4150,53,12,41,53,41,77.3584905660377,"Long-term average annual precipitation in volume"
"Dominica",4157,53,12,41,53,41,77.3584905660377,"Total internal renewable water resources (IRWR)"
"Dominica",4158,53,12,41,53,41,77.3584905660377,"Total internal renewable water resources per capita"
"Dominica",4164,53,12,41,53,41,77.3584905660377,"Surface water: accounted inflow"
"Dominica",4176,53,12,41,53,41,77.3584905660377,"Surface water: total external renewable"
"Dominica",4182,53,12,41,53,41,77.3584905660377,"Water resources: total external renewable"
"Dominica",4188,53,12,41,53,41,77.3584905660377,"Total renewable water resources"
"Dominica",4190,53,12,41,53,41,77.3584905660377,"Total renewable water resources per capita"
"Dominica",4192,53,12,41,53,41,77.3584905660377,"Dependency ratio"
"Dominica",4253,15,4,11,15,11,73.3333333333333,"Total water withdrawal"
"Dominica",4254,1,1,0,1,0,0,"Agricultural water withdrawal as % of total water withdrawal"
"Dominica",4255,1,1,0,1,0,0,"Municipal water withdrawal as % of total withdrawal"
"Dominica",4256,1,1,0,1,0,0,"Industrial water withdrawal as % of total water withdrawal"
"Dominica",4257,15,4,11,15,11,73.3333333333333,"Total water withdrawal per capita"
"Dominica",4263,15,4,11,15,11,73.3333333333333,"Total freshwater withdrawal (primary and secondary)"
"Dominica",4273,1,1,0,1,0,0,"Agricultural water withdrawal as % of total renewable water resources"
"Dominica",4275,15,4,11,15,11,73.3333333333333,"MDG 7.5. Freshwater withdrawal as % of total renewable water resources"
"Dominica",4311,1,1,0,1,0,0,"Area equipped for full control irrigation: total"
"Dominica",4313,1,1,0,1,0,0,"Area equipped for irrigation: total"
"Dominica",4317,1,1,0,1,0,0,"Total agricultural water managed area"
"Dominica",4319,1,1,0,1,0,0,"% of agricultural water managed area equipped for irrigation"
"Dominica",4324,1,1,0,1,0,0,"% of area equipped for irrigation by surface water"
"Dominica",4331,1,1,0,1,0,0,"% of the cultivated area equipped for irrigation"
"Dominica",4450,15,4,11,15,11,73.3333333333333,"Freshwater withdrawal as % of internal renewable water resources"
"Dominica",4457,1,1,0,1,0,0,"Municipal water withdrawal per capita (total population)"
"Dominica",4458,56,12,44,56,44,78.5714285714286,"GDP per Capita"
"Dominica",4467,15,4,11,15,11,73.3333333333333,"Freshwater withdrawal as % of total water withdrawal"
"Dominica",4468,1,1,0,1,0,0,"Municipal water withdrawal per capita (urban population)"
"Dominica",4470,53,12,41,53,41,77.3584905660377,"% of total country area cultivated"
"Dominica",4531,1,1,0,1,0,0,"Industrial water withdrawal per capita"
"Dominica",4532,1,1,0,1,0,0,"Agricultural water withdrawal per capita"
"Dominica",4538,33,8,25,33,25,75.7575757575758,"% of economically active population active in agriculture"
"Dominica",4550,15,4,11,15,11,73.3333333333333,"Not defined6"
"Dominica",4552,1,1,0,1,0,0,"Not defined8"
"Dominica",4554,1,1,0,1,0,0,"Not defined10"
"Dominica",4555,1,1,0,1,0,0,"Not defined11"
"Dominica",4556,1,1,0,1,0,0,"Not defined12"
"Dominican Republic",4103,53,12,41,53,41,77.3584905660377,"Cultivated area (arable land + permanent crops)"
"Dominican Republic",4105,54,12,42,54,42,77.7777777777778,"Rural population"
"Dominican Republic",4107,54,12,42,54,42,77.7777777777778,"Population density"
"Dominican Republic",4108,33,8,25,33,25,75.7575757575758,"Population economically active in agriculture"
"Dominican Republic",4150,53,12,41,53,41,77.3584905660377,"Long-term average annual precipitation in volume"
"Dominican Republic",4157,53,12,41,53,41,77.3584905660377,"Total internal renewable water resources (IRWR)"
"Dominican Republic",4158,53,12,41,53,41,77.3584905660377,"Total internal renewable water resources per capita"
"Dominican Republic",4164,53,12,41,53,41,77.3584905660377,"Surface water: accounted inflow"
"Dominican Republic",4176,53,12,41,53,41,77.3584905660377,"Surface water: total external renewable"
"Dominican Republic",4182,53,12,41,53,41,77.3584905660377,"Water resources: total external renewable"
"Dominican Republic",4185,53,12,41,53,41,77.3584905660377,"Total renewable surface water"
"Dominican Republic",4187,53,12,41,53,41,77.3584905660377,"Total renewable groundwater"
"Dominican Republic",4188,53,12,41,53,41,77.3584905660377,"Total renewable water resources"
"Dominican Republic",4190,53,12,41,53,41,77.3584905660377,"Total renewable water resources per capita"
"Dominican Republic",4192,53,12,41,53,41,77.3584905660377,"Dependency ratio"
"Dominican Republic",4253,11,3,8,11,8,72.7272727272727,"Total water withdrawal"
"Dominican Republic",4254,11,3,8,11,8,72.7272727272727,"Agricultural water withdrawal as % of total water withdrawal"
"Dominican Republic",4255,11,3,8,11,8,72.7272727272727,"Municipal water withdrawal as % of total withdrawal"
"Dominican Republic",4256,11,3,8,11,8,72.7272727272727,"Industrial water withdrawal as % of total water withdrawal"
"Dominican Republic",4257,11,3,8,11,8,72.7272727272727,"Total water withdrawal per capita"
"Dominican Republic",4263,11,3,8,11,8,72.7272727272727,"Total freshwater withdrawal (primary and secondary)"
"Dominican Republic",4271,1,1,0,1,0,0,"Agricultural water requirement as % of agricultural water withdrawal"
"Dominican Republic",4273,17,4,13,17,13,76.4705882352941,"Agricultural water withdrawal as % of total renewable water resources"
"Dominican Republic",4275,11,3,8,11,8,72.7272727272727,"MDG 7.5. Freshwater withdrawal as % of total renewable water resources"
"Dominican Republic",4311,11,2,9,11,9,81.8181818181818,"Area equipped for full control irrigation: total"
"Dominican Republic",4313,35,2,33,35,33,94.2857142857143,"Area equipped for irrigation: total"
"Dominican Republic",4317,11,2,9,11,9,81.8181818181818,"Total agricultural water managed area"
"Dominican Republic",4319,11,2,9,11,9,81.8181818181818,"% of agricultural water managed area equipped for irrigation"
"Dominican Republic",4323,1,1,0,1,0,0,"% of area equipped for irrigation by groundwater"
"Dominican Republic",4324,1,1,0,1,0,0,"% of area equipped for irrigation by surface water"
"Dominican Republic",4328,1,1,0,1,0,0,"% of the area equipped for irrigation actually irrigated"
"Dominican Republic",4330,11,2,9,11,9,81.8181818181818,"% of irrigation potential equipped for irrigation"
"Dominican Republic",4331,11,2,9,11,9,81.8181818181818,"% of the cultivated area equipped for irrigation"
"Dominican Republic",4450,11,3,8,11,8,72.7272727272727,"Freshwater withdrawal as % of internal renewable water resources"
"Dominican Republic",4457,11,3,8,11,8,72.7272727272727,"Municipal water withdrawal per capita (total population)"
"Dominican Republic",4458,54,12,42,54,42,77.7777777777778,"GDP per Capita"
"Dominican Republic",4459,11,2,9,11,9,81.8181818181818,"Area equipped for full control irrigation: pressurized (sprinkler + localized)"
"Dominican Republic",4462,1,1,0,1,0,0,"Harvested irrigated crop area as % of the full control irrigation area actually irrigated"
"Dominican Republic",4463,1,1,0,1,0,0,"% of area equipped for full control irrigation actually irrigated"
"Dominican Republic",4464,1,1,0,1,0,0,"Irrigated cropping intensity"
"Dominican Republic",4467,11,3,8,11,8,72.7272727272727,"Freshwater withdrawal as % of total water withdrawal"
"Dominican Republic",4468,11,3,8,11,8,72.7272727272727,"Municipal water withdrawal per capita (urban population)"
"Dominican Republic",4470,53,12,41,53,41,77.3584905660377,"% of total country area cultivated"
"Dominican Republic",4471,56,12,44,56,44,78.5714285714286,"Dam capacity per capita"
"Dominican Republic",4531,11,3,8,11,8,72.7272727272727,"Industrial water withdrawal per capita"
"Dominican Republic",4532,11,3,8,11,8,72.7272727272727,"Agricultural water withdrawal per capita"
"Dominican Republic",4538,33,8,25,33,25,75.7575757575758,"% of economically active population active in agriculture"
"Dominican Republic",4550,11,3,8,11,8,72.7272727272727,"Not defined6"
"Dominican Republic",4551,11,3,8,11,8,72.7272727272727,"Not defined7"
"Dominican Republic",4552,11,3,8,11,8,72.7272727272727,"Not defined8"
"Dominican Republic",4553,11,3,8,11,8,72.7272727272727,"Not defined9"
"Dominican Republic",4554,11,3,8,11,8,72.7272727272727,"Not defined10"
"Dominican Republic",4555,1,1,0,1,0,0,"Not defined11"
"Dominican Republic",4556,1,1,0,1,0,0,"Not defined12"
"Faroe Islands",4103,53,12,41,53,41,77.3584905660377,"Cultivated area (arable land + permanent crops)"
"Faroe Islands",4105,54,12,42,54,42,77.7777777777778,"Rural population"
"Faroe Islands",4107,54,12,42,54,42,77.7777777777778,"Population density"
"Faroe Islands",4108,33,8,25,33,25,75.7575757575758,"Population economically active in agriculture"
"Faroe Islands",4164,53,12,41,53,41,77.3584905660377,"Surface water: accounted inflow"
"Faroe Islands",4176,53,12,41,53,41,77.3584905660377,"Surface water: total external renewable"
"Faroe Islands",4182,53,12,41,53,41,77.3584905660377,"Water resources: total external renewable"
"Faroe Islands",4192,53,12,41,53,41,77.3584905660377,"Dependency ratio"
"Faroe Islands",4458,12,4,8,12,8,66.6666666666667,"GDP per Capita"
"Faroe Islands",4470,53,12,41,53,41,77.3584905660377,"% of total country area cultivated"
"Faroe Islands",4538,33,8,25,33,25,75.7575757575758,"% of economically active population active in agriculture"
"Fiji",4103,53,12,41,53,41,77.3584905660377,"Cultivated area (arable land + permanent crops)"
"Fiji",4105,54,12,42,54,42,77.7777777777778,"Rural population"
"Fiji",4107,54,12,42,54,42,77.7777777777778,"Population density"
"Fiji",4108,33,8,25,33,25,75.7575757575758,"Population economically active in agriculture"
"Fiji",4150,53,12,41,53,41,77.3584905660377,"Long-term average annual precipitation in volume"
"Fiji",4157,53,12,41,53,41,77.3584905660377,"Total internal renewable water resources (IRWR)"
"Fiji",4158,53,12,41,53,41,77.3584905660377,"Total internal renewable water resources per capita"
"Fiji",4164,53,12,41,53,41,77.3584905660377,"Surface water: accounted inflow"
"Fiji",4176,53,12,41,53,41,77.3584905660377,"Surface water: total external renewable"
"Fiji",4182,53,12,41,53,41,77.3584905660377,"Water resources: total external renewable"
"Fiji",4185,53,12,41,53,41,77.3584905660377,"Total renewable surface water"
"Fiji",4187,53,12,41,53,41,77.3584905660377,"Total renewable groundwater"
"Fiji",4188,53,12,41,53,41,77.3584905660377,"Total renewable water resources"
"Fiji",4190,53,12,41,53,41,77.3584905660377,"Total renewable water resources per capita"
"Fiji",4192,53,12,41,53,41,77.3584905660377,"Dependency ratio"
"Fiji",4253,19,3,16,19,16,84.2105263157895,"Total water withdrawal"
"Fiji",4254,19,3,16,19,16,84.2105263157895,"Agricultural water withdrawal as % of total water withdrawal"
"Fiji",4255,19,3,16,19,16,84.2105263157895,"Municipal water withdrawal as % of total withdrawal"
"Fiji",4256,19,3,16,19,16,84.2105263157895,"Industrial water withdrawal as % of total water withdrawal"
"Fiji",4257,19,3,16,19,16,84.2105263157895,"Total water withdrawal per capita"
"Fiji",4263,19,3,16,19,16,84.2105263157895,"Total freshwater withdrawal (primary and secondary)"
"Fiji",4273,19,3,16,19,16,84.2105263157895,"Agricultural water withdrawal as % of total renewable water resources"
"Fiji",4275,19,3,16,19,16,84.2105263157895,"MDG 7.5. Freshwater withdrawal as % of total renewable water resources"
"Fiji",4311,6,2,4,6,4,66.6666666666667,"Area equipped for full control irrigation: total"
"Fiji",4313,43,2,41,43,41,95.3488372093023,"Area equipped for irrigation: total"
"Fiji",4317,6,2,4,6,4,66.6666666666667,"Total agricultural water managed area"
"Fiji",4319,6,2,4,6,4,66.6666666666667,"% of agricultural water managed area equipped for irrigation"
"Fiji",4323,1,1,0,1,0,0,"% of area equipped for irrigation by groundwater"
"Fiji",4324,1,1,0,1,0,0,"% of area equipped for irrigation by surface water"
"Fiji",4328,1,1,0,1,0,0,"% of the area equipped for irrigation actually irrigated"
"Fiji",4331,6,2,4,6,4,66.6666666666667,"% of the cultivated area equipped for irrigation"
"Fiji",4450,19,3,16,19,16,84.2105263157895,"Freshwater withdrawal as % of internal renewable water resources"
"Fiji",4457,19,3,16,19,16,84.2105263157895,"Municipal water withdrawal per capita (total population)"
"Fiji",4458,54,12,42,54,42,77.7777777777778,"GDP per Capita"
"Fiji",4463,1,1,0,1,0,0,"% of area equipped for full control irrigation actually irrigated"
"Fiji",4467,19,3,16,19,16,84.2105263157895,"Freshwater withdrawal as % of total water withdrawal"
"Fiji",4468,19,3,16,19,16,84.2105263157895,"Municipal water withdrawal per capita (urban population)"
"Fiji",4470,53,12,41,53,41,77.3584905660377,"% of total country area cultivated"
"Fiji",4471,31,7,24,31,24,77.4193548387097,"Dam capacity per capita"
"Fiji",4531,21,3,18,21,18,85.7142857142857,"Industrial water withdrawal per capita"
"Fiji",4532,21,3,18,21,18,85.7142857142857,"Agricultural water withdrawal per capita"
"Fiji",4538,33,8,25,33,25,75.7575757575758,"% of economically active population active in agriculture"
"Fiji",4550,19,3,16,19,16,84.2105263157895,"Not defined6"
"Fiji",4551,19,3,16,19,16,84.2105263157895,"Not defined7"
"Fiji",4552,19,3,16,19,16,84.2105263157895,"Not defined8"
"Fiji",4553,19,3,16,19,16,84.2105263157895,"Not defined9"
"Fiji",4554,19,3,16,19,16,84.2105263157895,"Not defined10"
"Finland",4103,53,12,41,53,41,77.3584905660377,"Cultivated area (arable land + permanent crops)"
"Finland",4105,54,12,42,54,42,77.7777777777778,"Rural population"
"Finland",4107,54,12,42,54,42,77.7777777777778,"Population density"
"Finland",4108,33,8,25,33,25,75.7575757575758,"Population economically active in agriculture"
"Finland",4150,53,12,41,53,41,77.3584905660377,"Long-term average annual precipitation in volume"
"Finland",4157,53,12,41,53,41,77.3584905660377,"Total internal renewable water resources (IRWR)"
"Finland",4158,53,12,41,53,41,77.3584905660377,"Total internal renewable water resources per capita"
"Finland",4164,53,12,41,53,41,77.3584905660377,"Surface water: accounted inflow"
"Finland",4176,53,12,41,53,41,77.3584905660377,"Surface water: total external renewable"
"Finland",4182,53,12,41,53,41,77.3584905660377,"Water resources: total external renewable"
"Finland",4185,53,12,41,53,41,77.3584905660377,"Total renewable surface water"
"Finland",4187,53,12,41,53,41,77.3584905660377,"Total renewable groundwater"
"Finland",4188,53,12,41,53,41,77.3584905660377,"Total renewable water resources"
"Finland",4190,53,12,41,53,41,77.3584905660377,"Total renewable water resources per capita"
"Finland",4192,53,12,41,53,41,77.3584905660377,"Dependency ratio"
"Finland",4253,37,8,29,37,29,78.3783783783784,"Total water withdrawal"
"Finland",4254,17,4,13,17,13,76.4705882352941,"Agricultural water withdrawal as % of total water withdrawal"
"Finland",4255,17,4,13,17,13,76.4705882352941,"Municipal water withdrawal as % of total withdrawal"
"Finland",4256,6,2,4,6,4,66.6666666666667,"Industrial water withdrawal as % of total water withdrawal"
"Finland",4257,37,8,29,37,29,78.3783783783784,"Total water withdrawal per capita"
"Finland",4263,37,8,29,37,29,78.3783783783784,"Total freshwater withdrawal (primary and secondary)"
"Finland",4273,16,4,12,16,12,75,"Agricultural water withdrawal as % of total renewable water resources"
"Finland",4275,37,8,29,37,29,78.3783783783784,"MDG 7.5. Freshwater withdrawal as % of total renewable water resources"
"Finland",4311,17,5,12,17,12,70.5882352941177,"Area equipped for full control irrigation: total"
"Finland",4313,53,5,48,53,48,90.5660377358491,"Area equipped for irrigation: total"
"Finland",4317,17,5,12,17,12,70.5882352941177,"Total agricultural water managed area"
"Finland",4319,17,5,12,17,12,70.5882352941177,"% of agricultural water managed area equipped for irrigation"
"Finland",4323,1,1,0,1,0,0,"% of area equipped for irrigation by groundwater"
"Finland",4324,1,1,0,1,0,0,"% of area equipped for irrigation by surface water"
"Finland",4328,1,1,0,1,0,0,"% of the area equipped for irrigation actually irrigated"
"Finland",4331,17,5,12,17,12,70.5882352941177,"% of the cultivated area equipped for irrigation"
"Finland",4450,37,8,29,37,29,78.3783783783784,"Freshwater withdrawal as % of internal renewable water resources"
"Finland",4455,3,2,1,3,1,33.3333333333333,"Conservation agriculture area as % of arable land area"
"Finland",4457,24,6,18,24,18,75,"Municipal water withdrawal per capita (total population)"
"Finland",4458,54,12,42,54,42,77.7777777777778,"GDP per Capita"
"Finland",4459,1,1,0,1,0,0,"Area equipped for full control irrigation: pressurized (sprinkler + localized)"
"Finland",4462,1,1,0,1,0,0,"Harvested irrigated crop area as % of the full control irrigation area actually irrigated"
"Finland",4463,1,1,0,1,0,0,"% of area equipped for full control irrigation actually irrigated"
"Finland",4464,1,1,0,1,0,0,"Irrigated cropping intensity"
"Finland",4467,37,8,29,37,29,78.3783783783784,"Freshwater withdrawal as % of total water withdrawal"
"Finland",4468,24,6,18,24,18,75,"Municipal water withdrawal per capita (urban population)"
"Finland",4470,53,12,41,53,41,77.3584905660377,"% of total country area cultivated"
"Finland",4471,56,12,44,56,44,78.5714285714286,"Dam capacity per capita"
"Finland",4531,6,2,4,6,4,66.6666666666667,"Industrial water withdrawal per capita"
"Finland",4532,16,4,12,16,12,75,"Agricultural water withdrawal per capita"
"Finland",4538,33,8,25,33,25,75.7575757575758,"% of economically active population active in agriculture"
"Finland",4550,37,8,29,37,29,78.3783783783784,"Not defined6"
"Finland",4551,6,2,4,6,4,66.6666666666667,"Not defined7"
"Finland",4552,16,4,12,16,12,75,"Not defined8"
"Finland",4553,6,2,4,6,4,66.6666666666667,"Not defined9"
"Finland",4554,24,6,18,24,18,75,"Not defined10"
"Finland",4555,1,1,0,1,0,0,"Not defined11"
"Finland",4556,1,1,0,1,0,0,"Not defined12"
"France",4103,53,12,41,53,41,77.3584905660377,"Cultivated area (arable land + permanent crops)"
"France",4105,54,12,42,54,42,77.7777777777778,"Rural population"
"France",4107,54,12,42,54,42,77.7777777777778,"Population density"
"France",4108,33,8,25,33,25,75.7575757575758,"Population economically active in agriculture"
"France",4150,53,12,41,53,41,77.3584905660377,"Long-term average annual precipitation in volume"
"France",4157,53,12,41,53,41,77.3584905660377,"Total internal renewable water resources (IRWR)"
"France",4158,53,12,41,53,41,77.3584905660377,"Total internal renewable water resources per capita"
"France",4164,53,12,41,53,41,77.3584905660377,"Surface water: accounted inflow"
"France",4176,53,12,41,53,41,77.3584905660377,"Surface water: total external renewable"
"France",4182,53,12,41,53,41,77.3584905660377,"Water resources: total external renewable"
"France",4185,53,12,41,53,41,77.3584905660377,"Total renewable surface water"
"France",4187,53,12,41,53,41,77.3584905660377,"Total renewable groundwater"
"France",4188,53,12,41,53,41,77.3584905660377,"Total renewable water resources"
"France",4190,53,12,41,53,41,77.3584905660377,"Total renewable water resources per capita"
"France",4192,53,12,41,53,41,77.3584905660377,"Dependency ratio"
"France",4196,51,11,40,51,40,78.4313725490196,"Total exploitable water resources"
"France",4253,33,7,26,33,26,78.7878787878788,"Total water withdrawal"
"France",4254,21,5,16,21,16,76.1904761904762,"Agricultural water withdrawal as % of total water withdrawal"
"France",4255,28,6,22,28,22,78.5714285714286,"Municipal water withdrawal as % of total withdrawal"
"France",4256,28,6,22,28,22,78.5714285714286,"Industrial water withdrawal as % of total water withdrawal"
"France",4257,33,7,26,33,26,78.7878787878788,"Total water withdrawal per capita"
"France",4263,33,7,26,33,26,78.7878787878788,"Total freshwater withdrawal (primary and secondary)"
"France",4271,1,1,0,1,0,0,"Agricultural water requirement as % of agricultural water withdrawal"
"France",4273,18,5,13,18,13,72.2222222222222,"Agricultural water withdrawal as % of total renewable water resources"
"France",4275,33,7,26,33,26,78.7878787878788,"MDG 7.5. Freshwater withdrawal as % of total renewable water resources"
"France",4311,14,3,11,14,11,78.5714285714286,"Area equipped for full control irrigation: total"
"France",4313,53,5,48,53,48,90.5660377358491,"Area equipped for irrigation: total"
"France",4317,24,5,19,24,19,79.1666666666667,"Total agricultural water managed area"
"France",4319,24,5,19,24,19,79.1666666666667,"% of agricultural water managed area equipped for irrigation"
"France",4328,7,2,5,7,5,71.4285714285714,"% of the area equipped for irrigation actually irrigated"
"France",4331,24,5,19,24,19,79.1666666666667,"% of the cultivated area equipped for irrigation"
"France",4450,33,7,26,33,26,78.7878787878788,"Freshwater withdrawal as % of internal renewable water resources"
"France",4455,40,5,35,40,35,87.5,"Conservation agriculture area as % of arable land area"
"France",4457,28,6,22,28,22,78.5714285714286,"Municipal water withdrawal per capita (total population)"
"France",4458,54,12,42,54,42,77.7777777777778,"GDP per Capita"
"France",4459,8,2,6,8,6,75,"Area equipped for full control irrigation: pressurized (sprinkler + localized)"
"France",4463,7,2,5,7,5,71.4285714285714,"% of area equipped for full control irrigation actually irrigated"
"France",4466,1,1,0,1,0,0,"% of area equipped by direct use of treated municipal wastewater"
"France",4467,33,7,26,33,26,78.7878787878788,"Freshwater withdrawal as % of total water withdrawal"
"France",4468,28,6,22,28,22,78.5714285714286,"Municipal water withdrawal per capita (urban population)"
"France",4470,53,12,41,53,41,77.3584905660377,"% of total country area cultivated"
"France",4471,56,12,44,56,44,78.5714285714286,"Dam capacity per capita"
"France",4509,51,11,40,51,40,78.4313725490196,"Exploitable: total renewable surface water"
"France",4531,26,6,20,26,20,76.9230769230769,"Industrial water withdrawal per capita"
"France",4532,21,5,16,21,16,76.1904761904762,"Agricultural water withdrawal per capita"
"France",4538,33,8,25,33,25,75.7575757575758,"% of economically active population active in agriculture"
"France",4550,33,7,26,33,26,78.7878787878788,"Not defined6"
"France",4551,21,5,16,21,16,76.1904761904762,"Not defined7"
"France",4552,18,5,13,18,13,72.2222222222222,"Not defined8"
"France",4553,28,6,22,28,22,78.5714285714286,"Not defined9"
"France",4554,28,6,22,28,22,78.5714285714286,"Not defined10"
"France",4555,1,1,0,1,0,0,"Not defined11"
"France",4556,1,1,0,1,0,0,"Not defined12"
"Gabon",4103,53,12,41,53,41,77.3584905660377,"Cultivated area (arable land + permanent crops)"
"Gabon",4105,54,12,42,54,42,77.7777777777778,"Rural population"
"Gabon",4107,54,12,42,54,42,77.7777777777778,"Population density"
"Gabon",4108,33,8,25,33,25,75.7575757575758,"Population economically active in agriculture"
"Gabon",4150,53,12,41,53,41,77.3584905660377,"Long-term average annual precipitation in volume"
"Gabon",4157,53,12,41,53,41,77.3584905660377,"Total internal renewable water resources (IRWR)"
"Gabon",4158,53,12,41,53,41,77.3584905660377,"Total internal renewable water resources per capita"
"Gabon",4164,53,12,41,53,41,77.3584905660377,"Surface water: accounted inflow"
"Gabon",4176,53,12,41,53,41,77.3584905660377,"Surface water: total external renewable"
"Gabon",4182,53,12,41,53,41,77.3584905660377,"Water resources: total external renewable"
"Gabon",4185,53,12,41,53,41,77.3584905660377,"Total renewable surface water"
"Gabon",4187,53,12,41,53,41,77.3584905660377,"Total renewable groundwater"
"Gabon",4188,53,12,41,53,41,77.3584905660377,"Total renewable water resources"
"Gabon",4190,53,12,41,53,41,77.3584905660377,"Total renewable water resources per capita"
"Gabon",4192,53,12,41,53,41,77.3584905660377,"Dependency ratio"
"Gabon",4253,19,3,16,19,16,84.2105263157895,"Total water withdrawal"
"Gabon",4254,19,3,16,19,16,84.2105263157895,"Agricultural water withdrawal as % of total water withdrawal"
"Gabon",4255,19,3,16,19,16,84.2105263157895,"Municipal water withdrawal as % of total withdrawal"
"Gabon",4256,19,3,16,19,16,84.2105263157895,"Industrial water withdrawal as % of total water withdrawal"
"Gabon",4257,19,3,16,19,16,84.2105263157895,"Total water withdrawal per capita"
"Gabon",4263,19,3,16,19,16,84.2105263157895,"Total freshwater withdrawal (primary and secondary)"
"Gabon",4271,1,1,0,1,0,0,"Agricultural water requirement as % of agricultural water withdrawal"
"Gabon",4273,19,3,16,19,16,84.2105263157895,"Agricultural water withdrawal as % of total renewable water resources"
"Gabon",4275,19,3,16,19,16,84.2105263157895,"MDG 7.5. Freshwater withdrawal as % of total renewable water resources"
"Gabon",4311,1,1,0,1,0,0,"Area equipped for full control irrigation: total"
"Gabon",4313,1,1,0,1,0,0,"Area equipped for irrigation: total"
"Gabon",4317,1,1,0,1,0,0,"Total agricultural water managed area"
"Gabon",4319,1,1,0,1,0,0,"% of agricultural water managed area equipped for irrigation"
"Gabon",4324,1,1,0,1,0,0,"% of area equipped for irrigation by surface water"
"Gabon",4330,1,1,0,1,0,0,"% of irrigation potential equipped for irrigation"
"Gabon",4331,1,1,0,1,0,0,"% of the cultivated area equipped for irrigation"
"Gabon",4450,19,3,16,19,16,84.2105263157895,"Freshwater withdrawal as % of internal renewable water resources"
"Gabon",4457,19,3,16,19,16,84.2105263157895,"Municipal water withdrawal per capita (total population)"
"Gabon",4458,54,12,42,54,42,77.7777777777778,"GDP per Capita"
"Gabon",4462,1,1,0,1,0,0,"Harvested irrigated crop area as % of the full control irrigation area actually irrigated"
"Gabon",4463,1,1,0,1,0,0,"% of area equipped for full control irrigation actually irrigated"
"Gabon",4464,1,1,0,1,0,0,"Irrigated cropping intensity"
"Gabon",4467,19,3,16,19,16,84.2105263157895,"Freshwater withdrawal as % of total water withdrawal"
"Gabon",4468,19,3,16,19,16,84.2105263157895,"Municipal water withdrawal per capita (urban population)"
"Gabon",4470,53,12,41,53,41,77.3584905660377,"% of total country area cultivated"
"Gabon",4471,36,8,28,36,28,77.7777777777778,"Dam capacity per capita"
"Gabon",4531,21,3,18,21,18,85.7142857142857,"Industrial water withdrawal per capita"
"Gabon",4532,21,3,18,21,18,85.7142857142857,"Agricultural water withdrawal per capita"
"Gabon",4538,33,8,25,33,25,75.7575757575758,"% of economically active population active in agriculture"
"Gabon",4550,19,3,16,19,16,84.2105263157895,"Not defined6"
"Gabon",4551,19,3,16,19,16,84.2105263157895,"Not defined7"
"Gabon",4552,19,3,16,19,16,84.2105263157895,"Not defined8"
"Gabon",4553,19,3,16,19,16,84.2105263157895,"Not defined9"
"Gabon",4554,19,3,16,19,16,84.2105263157895,"Not defined10"
"Gabon",4556,1,1,0,1,0,0,"Not defined12"
"Israel",4103,53,12,41,53,41,77.3584905660377,"Cultivated area (arable land + permanent crops)"
"Israel",4105,54,12,42,54,42,77.7777777777778,"Rural population"
"Israel",4107,54,12,42,54,42,77.7777777777778,"Population density"
"Israel",4108,33,8,25,33,25,75.7575757575758,"Population economically active in agriculture"
"Israel",4150,53,12,41,53,41,77.3584905660377,"Long-term average annual precipitation in volume"
"Israel",4157,53,12,41,53,41,77.3584905660377,"Total internal renewable water resources (IRWR)"
"Israel",4158,53,12,41,53,41,77.3584905660377,"Total internal renewable water resources per capita"
"Israel",4164,53,12,41,53,41,77.3584905660377,"Surface water: accounted inflow"
"Israel",4176,53,12,41,53,41,77.3584905660377,"Surface water: total external renewable"
"Israel",4182,53,12,41,53,41,77.3584905660377,"Water resources: total external renewable"
"Israel",4185,53,12,41,53,41,77.3584905660377,"Total renewable surface water"
"Israel",4187,53,12,41,53,41,77.3584905660377,"Total renewable groundwater"
"Israel",4188,53,12,41,53,41,77.3584905660377,"Total renewable water resources"
"Israel",4190,53,12,41,53,41,77.3584905660377,"Total renewable water resources per capita"
"Israel",4192,53,12,41,53,41,77.3584905660377,"Dependency ratio"
"Israel",4196,51,11,40,51,40,78.4313725490196,"Total exploitable water resources"
"Israel",4253,35,8,27,35,27,77.1428571428572,"Total water withdrawal"
"Israel",4254,35,6,29,35,29,82.8571428571429,"Agricultural water withdrawal as % of total water withdrawal"
"Israel",4255,35,6,29,35,29,82.8571428571429,"Municipal water withdrawal as % of total withdrawal"
"Israel",4256,35,6,29,35,29,82.8571428571429,"Industrial water withdrawal as % of total water withdrawal"
"Israel",4257,35,8,27,35,27,77.1428571428572,"Total water withdrawal per capita"
"Israel",4263,35,8,27,35,27,77.1428571428572,"Total freshwater withdrawal (primary and secondary)"
"Israel",4271,1,1,0,1,0,0,"Agricultural water requirement as % of agricultural water withdrawal"
"Israel",4273,40,7,33,40,33,82.5,"Agricultural water withdrawal as % of total renewable water resources"
"Israel",4275,35,8,27,35,27,77.1428571428572,"MDG 7.5. Freshwater withdrawal as % of total renewable water resources"
"Israel",4300,1,1,0,1,0,0,"Total cultivated area drained"
"Israel",4305,1,1,0,1,0,0,"% of total cultivated area drained"
"Israel",4311,8,2,6,8,6,75,"Area equipped for full control irrigation: total"
"Israel",4313,44,2,42,44,42,95.4545454545455,"Area equipped for irrigation: total"
"Israel",4317,8,2,6,8,6,75,"Total agricultural water managed area"
"Israel",4319,8,2,6,8,6,75,"% of agricultural water managed area equipped for irrigation"
"Israel",4328,1,1,0,1,0,0,"% of the area equipped for irrigation actually irrigated"
"Israel",4331,8,2,6,8,6,75,"% of the cultivated area equipped for irrigation"
"Israel",4445,1,1,0,1,0,0,"% of area equipped for irrigation salinized"
"Israel",4450,35,8,27,35,27,77.1428571428572,"Freshwater withdrawal as % of internal renewable water resources"
"Israel",4457,35,6,29,35,29,82.8571428571429,"Municipal water withdrawal per capita (total population)"
"Israel",4458,54,12,42,54,42,77.7777777777778,"GDP per Capita"
"Israel",4459,1,1,0,1,0,0,"Area equipped for full control irrigation: pressurized (sprinkler + localized)"
"Israel",4462,1,1,0,1,0,0,"Harvested irrigated crop area as % of the full control irrigation area actually irrigated"
"Israel",4463,1,1,0,1,0,0,"% of area equipped for full control irrigation actually irrigated"
"Israel",4464,1,1,0,1,0,0,"Irrigated cropping intensity"
"Israel",4466,1,1,0,1,0,0,"% of area equipped by direct use of treated municipal wastewater"
"Israel",4467,35,8,27,35,27,77.1428571428572,"Freshwater withdrawal as % of total water withdrawal"
"Israel",4468,35,6,29,35,29,82.8571428571429,"Municipal water withdrawal per capita (urban population)"
"Israel",4470,53,12,41,53,41,77.3584905660377,"% of total country area cultivated"
"Israel",4509,51,11,40,51,40,78.4313725490196,"Exploitable: total renewable surface water"
"Israel",4531,36,6,30,36,30,83.3333333333333,"Industrial water withdrawal per capita"
"Israel",4532,41,7,34,41,34,82.9268292682927,"Agricultural water withdrawal per capita"
"Israel",4538,33,8,25,33,25,75.7575757575758,"% of economically active population active in agriculture"
"Israel",4550,35,8,27,35,27,77.1428571428572,"Not defined6"
"Israel",4551,35,6,29,35,29,82.8571428571429,"Not defined7"
"Israel",4552,40,7,33,40,33,82.5,"Not defined8"
"Israel",4553,35,6,29,35,29,82.8571428571429,"Not defined9"
"Israel",4554,35,6,29,35,29,82.8571428571429,"Not defined10"
"Israel",4555,1,1,0,1,0,0,"Not defined11"
"Israel",4556,5,2,3,5,3,60,"Not defined12"
"Italy",4103,53,12,41,53,41,77.3584905660377,"Cultivated area (arable land + permanent crops)"
"Italy",4105,54,12,42,54,42,77.7777777777778,"Rural population"
"Italy",4107,54,12,42,54,42,77.7777777777778,"Population density"
"Italy",4108,33,8,25,33,25,75.7575757575758,"Population economically active in agriculture"
"Italy",4150,53,12,41,53,41,77.3584905660377,"Long-term average annual precipitation in volume"
"Italy",4157,53,12,41,53,41,77.3584905660377,"Total internal renewable water resources (IRWR)"
"Italy",4158,53,12,41,53,41,77.3584905660377,"Total internal renewable water resources per capita"
"Italy",4164,53,12,41,53,41,77.3584905660377,"Surface water: accounted inflow"
"Italy",4176,53,12,41,53,41,77.3584905660377,"Surface water: total external renewable"
"Italy",4182,53,12,41,53,41,77.3584905660377,"Water resources: total external renewable"
"Italy",4185,53,12,41,53,41,77.3584905660377,"Total renewable surface water"
"Italy",4187,53,12,41,53,41,77.3584905660377,"Total renewable groundwater"
"Italy",4188,53,12,41,53,41,77.3584905660377,"Total renewable water resources"
"Italy",4190,53,12,41,53,41,77.3584905660377,"Total renewable water resources per capita"
"Italy",4192,53,12,41,53,41,77.3584905660377,"Dependency ratio"
"Italy",4196,51,11,40,51,40,78.4313725490196,"Total exploitable water resources"
"Italy",4253,39,3,36,39,36,92.3076923076923,"Total water withdrawal"
"Italy",4254,31,2,29,31,29,93.5483870967742,"Agricultural water withdrawal as % of total water withdrawal"
"Italy",4255,43,3,40,43,40,93.0232558139535,"Municipal water withdrawal as % of total withdrawal"
"Italy",4256,31,2,29,31,29,93.5483870967742,"Industrial water withdrawal as % of total water withdrawal"
"Italy",4257,39,3,36,39,36,92.3076923076923,"Total water withdrawal per capita"
"Italy",4263,39,3,36,39,36,92.3076923076923,"Total freshwater withdrawal (primary and secondary)"
"Italy",4271,1,1,0,1,0,0,"Agricultural water requirement as % of agricultural water withdrawal"
"Italy",4273,38,3,35,38,35,92.1052631578947,"Agricultural water withdrawal as % of total renewable water resources"
"Italy",4275,39,3,36,39,36,92.3076923076923,"MDG 7.5. Freshwater withdrawal as % of total renewable water resources"
"Italy",4311,49,7,42,49,42,85.7142857142857,"Area equipped for full control irrigation: total"
"Italy",4313,49,7,42,49,42,85.7142857142857,"Area equipped for irrigation: total"
"Italy",4317,49,7,42,49,42,85.7142857142857,"Total agricultural water managed area"
"Italy",4319,49,7,42,49,42,85.7142857142857,"% of agricultural water managed area equipped for irrigation"
"Italy",4323,37,2,35,37,35,94.5945945945946,"% of area equipped for irrigation by groundwater"
"Italy",4324,37,2,35,37,35,94.5945945945946,"% of area equipped for irrigation by surface water"
"Italy",4328,24,6,18,24,18,75,"% of the area equipped for irrigation actually irrigated"
"Italy",4331,49,7,42,49,42,85.7142857142857,"% of the cultivated area equipped for irrigation"
"Italy",4450,39,3,36,39,36,92.3076923076923,"Freshwater withdrawal as % of internal renewable water resources"
"Italy",4455,9,2,7,9,7,77.7777777777778,"Conservation agriculture area as % of arable land area"
"Italy",4457,43,8,35,43,35,81.3953488372093,"Municipal water withdrawal per capita (total population)"
"Italy",4458,54,12,42,54,42,77.7777777777778,"GDP per Capita"
"Italy",4459,43,2,41,43,41,95.3488372093023,"Area equipped for full control irrigation: pressurized (sprinkler + localized)"
"Italy",4462,1,1,0,1,0,0,"Harvested irrigated crop area as % of the full control irrigation area actually irrigated"
"Italy",4463,24,6,18,24,18,75,"% of area equipped for full control irrigation actually irrigated"
"Italy",4464,1,1,0,1,0,0,"Irrigated cropping intensity"
"Italy",4466,1,1,0,1,0,0,"% of area equipped by direct use of treated municipal wastewater"
"Italy",4467,39,3,36,39,36,92.3076923076923,"Freshwater withdrawal as % of total water withdrawal"
"Italy",4468,43,8,35,43,35,81.3953488372093,"Municipal water withdrawal per capita (urban population)"
"Italy",4470,53,12,41,53,41,77.3584905660377,"% of total country area cultivated"
"Italy",4471,15,2,13,15,13,86.6666666666667,"Dam capacity per capita"
"Italy",4509,51,11,40,51,40,78.4313725490196,"Exploitable: total renewable surface water"
"Italy",4531,31,6,25,31,25,80.6451612903226,"Industrial water withdrawal per capita"
"Italy",4532,36,3,33,36,33,91.6666666666667,"Agricultural water withdrawal per capita"
"Italy",4538,33,8,25,33,25,75.7575757575758,"% of economically active population active in agriculture"
"Italy",4550,39,3,36,39,36,92.3076923076923,"Not defined6"
"Italy",4551,31,2,29,31,29,93.5483870967742,"Not defined7"
"Italy",4552,38,3,35,38,35,92.1052631578947,"Not defined8"
"Italy",4553,31,6,25,31,25,80.6451612903226,"Not defined9"
"Italy",4554,43,8,35,43,35,81.3953488372093,"Not defined10"
"Italy",4555,1,1,0,1,0,0,"Not defined11"
"Italy",4556,1,1,0,1,0,0,"Not defined12"
"Japan",4103,53,12,41,53,41,77.3584905660377,"Cultivated area (arable land + permanent crops)"
"Japan",4105,54,12,42,54,42,77.7777777777778,"Rural population"
"Japan",4107,54,12,42,54,42,77.7777777777778,"Population density"
"Japan",4108,33,8,25,33,25,75.7575757575758,"Population economically active in agriculture"
"Japan",4150,53,12,41,53,41,77.3584905660377,"Long-term average annual precipitation in volume"
"Japan",4157,53,12,41,53,41,77.3584905660377,"Total internal renewable water resources (IRWR)"
"Japan",4158,53,12,41,53,41,77.3584905660377,"Total internal renewable water resources per capita"
"Japan",4164,53,12,41,53,41,77.3584905660377,"Surface water: accounted inflow"
"Japan",4176,53,12,41,53,41,77.3584905660377,"Surface water: total external renewable"
"Japan",4182,53,12,41,53,41,77.3584905660377,"Water resources: total external renewable"
"Japan",4185,53,12,41,53,41,77.3584905660377,"Total renewable surface water"
"Japan",4187,53,12,41,53,41,77.3584905660377,"Total renewable groundwater"
"Japan",4188,53,12,41,53,41,77.3584905660377,"Total renewable water resources"
"Japan",4190,53,12,41,53,41,77.3584905660377,"Total renewable water resources per capita"
"Japan",4192,53,12,41,53,41,77.3584905660377,"Dependency ratio"
"Japan",4253,30,6,24,30,24,80,"Total water withdrawal"
"Japan",4254,30,6,24,30,24,80,"Agricultural water withdrawal as % of total water withdrawal"
"Japan",4255,30,6,24,30,24,80,"Municipal water withdrawal as % of total withdrawal"
"Japan",4256,30,6,24,30,24,80,"Industrial water withdrawal as % of total water withdrawal"
"Japan",4257,30,6,24,30,24,80,"Total water withdrawal per capita"
"Japan",4263,30,6,24,30,24,80,"Total freshwater withdrawal (primary and secondary)"
"Japan",4271,1,1,0,1,0,0,"Agricultural water requirement as % of agricultural water withdrawal"
"Japan",4273,30,6,24,30,24,80,"Agricultural water withdrawal as % of total renewable water resources"
"Japan",4275,30,6,24,30,24,80,"MDG 7.5. Freshwater withdrawal as % of total renewable water resources"
"Japan",4311,21,4,17,21,17,80.9523809523809,"Area equipped for full control irrigation: total"
"Japan",4313,50,4,46,50,46,92,"Area equipped for irrigation: total"
"Japan",4317,21,4,17,21,17,80.9523809523809,"Total agricultural water managed area"
"Japan",4319,21,4,17,21,17,80.9523809523809,"% of agricultural water managed area equipped for irrigation"
"Japan",4324,1,1,0,1,0,0,"% of area equipped for irrigation by surface water"
"Japan",4325,1,1,0,1,0,0,"% of area equipped for irrigation by mixed surface water and groundwater"
"Japan",4328,17,3,14,17,14,82.3529411764706,"% of the area equipped for irrigation actually irrigated"
"Japan",4331,21,4,17,21,17,80.9523809523809,"% of the cultivated area equipped for irrigation"
"Japan",4450,30,6,24,30,24,80,"Freshwater withdrawal as % of internal renewable water resources"
"Japan",4457,30,6,24,30,24,80,"Municipal water withdrawal per capita (total population)"
"Japan",4458,54,12,42,54,42,77.7777777777778,"GDP per Capita"
"Japan",4459,21,3,18,21,18,85.7142857142857,"Area equipped for full control irrigation: pressurized (sprinkler + localized)"
"Japan",4462,1,1,0,1,0,0,"Harvested irrigated crop area as % of the full control irrigation area actually irrigated"
"Japan",4463,17,3,14,17,14,82.3529411764706,"% of area equipped for full control irrigation actually irrigated"
"Japan",4464,1,1,0,1,0,0,"Irrigated cropping intensity"
"Japan",4467,30,6,24,30,24,80,"Freshwater withdrawal as % of total water withdrawal"
"Japan",4468,30,6,24,30,24,80,"Municipal water withdrawal per capita (urban population)"
"Japan",4470,53,12,41,53,41,77.3584905660377,"% of total country area cultivated"
"Japan",4471,1,1,0,1,0,0,"Dam capacity per capita"
"Japan",4531,31,6,25,31,25,80.6451612903226,"Industrial water withdrawal per capita"
"Japan",4532,31,6,25,31,25,80.6451612903226,"Agricultural water withdrawal per capita"
"Japan",4538,33,8,25,33,25,75.7575757575758,"% of economically active population active in agriculture"
"Japan",4550,30,6,24,30,24,80,"Not defined6"
"Japan",4551,30,6,24,30,24,80,"Not defined7"
"Japan",4552,30,6,24,30,24,80,"Not defined8"
"Japan",4553,30,6,24,30,24,80,"Not defined9"
"Japan",4554,30,6,24,30,24,80,"Not defined10"
"Japan",4555,1,1,0,1,0,0,"Not defined11"
"Japan",4556,1,1,0,1,0,0,"Not defined12"
"Jordan",4103,53,12,41,53,41,77.3584905660377,"Cultivated area (arable land + permanent crops)"
"Jordan",4105,54,12,42,54,42,77.7777777777778,"Rural population"
"Jordan",4107,54,12,42,54,42,77.7777777777778,"Population density"
"Jordan",4108,33,8,25,33,25,75.7575757575758,"Population economically active in agriculture"
"Jordan",4150,53,12,41,53,41,77.3584905660377,"Long-term average annual precipitation in volume"
"Jordan",4157,53,12,41,53,41,77.3584905660377,"Total internal renewable water resources (IRWR)"
"Jordan",4158,53,12,41,53,41,77.3584905660377,"Total internal renewable water resources per capita"
"Jordan",4164,53,12,41,53,41,77.3584905660377,"Surface water: accounted inflow"
"Jordan",4176,53,12,41,53,41,77.3584905660377,"Surface water: total external renewable"
"Jordan",4182,53,12,41,53,41,77.3584905660377,"Water resources: total external renewable"
"Jordan",4185,53,12,41,53,41,77.3584905660377,"Total renewable surface water"
"Jordan",4187,53,12,41,53,41,77.3584905660377,"Total renewable groundwater"
"Jordan",4188,53,12,41,53,41,77.3584905660377,"Total renewable water resources"
"Jordan",4190,53,12,41,53,41,77.3584905660377,"Total renewable water resources per capita"
"Jordan",4192,53,12,41,53,41,77.3584905660377,"Dependency ratio"
"Jordan",4253,41,8,33,41,33,80.4878048780488,"Total water withdrawal"
"Jordan",4254,41,8,33,41,33,80.4878048780488,"Agricultural water withdrawal as % of total water withdrawal"
"Jordan",4255,41,8,33,41,33,80.4878048780488,"Municipal water withdrawal as % of total withdrawal"
"Jordan",4256,41,8,33,41,33,80.4878048780488,"Industrial water withdrawal as % of total water withdrawal"
"Jordan",4257,41,8,33,41,33,80.4878048780488,"Total water withdrawal per capita"
"Jordan",4263,41,8,33,41,33,80.4878048780488,"Total freshwater withdrawal (primary and secondary)"
"Jordan",4271,1,1,0,1,0,0,"Agricultural water requirement as % of agricultural water withdrawal"
"Jordan",4273,41,8,33,41,33,80.4878048780488,"Agricultural water withdrawal as % of total renewable water resources"
"Jordan",4275,41,8,33,41,33,80.4878048780488,"MDG 7.5. Freshwater withdrawal as % of total renewable water resources"
"Jordan",4300,14,2,12,14,12,85.7142857142857,"Total cultivated area drained"
"Jordan",4305,14,2,12,14,12,85.7142857142857,"% of total cultivated area drained"
"Jordan",4311,14,3,11,14,11,78.5714285714286,"Area equipped for full control irrigation: total"
"Jordan",4313,25,6,19,25,19,76,"Area equipped for irrigation: total"
"Jordan",4317,25,6,19,25,19,76,"Total agricultural water managed area"
"Jordan",4319,25,6,19,25,19,76,"% of agricultural water managed area equipped for irrigation"
"Jordan",4323,17,2,15,17,15,88.2352941176471,"% of area equipped for irrigation by groundwater"
"Jordan",4324,17,2,15,17,15,88.2352941176471,"% of area equipped for irrigation by surface water"
"Jordan",4325,1,1,0,1,0,0,"% of area equipped for irrigation by mixed surface water and groundwater"
"Jordan",4327,1,1,0,1,0,0,"% of area equipped for irrigation power irrigated"
"Jordan",4328,1,1,0,1,0,0,"% of the area equipped for irrigation actually irrigated"
"Jordan",4330,25,6,19,25,19,76,"% of irrigation potential equipped for irrigation"
"Jordan",4331,25,6,19,25,19,76,"% of the cultivated area equipped for irrigation"
"Jordan",4445,1,1,0,1,0,0,"% of area equipped for irrigation salinized"
"Jordan",4446,16,2,14,16,14,87.5,"% of area equipped for irrigation drained"
"Jordan",4450,41,8,33,41,33,80.4878048780488,"Freshwater withdrawal as % of internal renewable water resources"
"Jordan",4457,41,8,33,41,33,80.4878048780488,"Municipal water withdrawal per capita (total population)"
"Jordan",4458,49,11,38,49,38,77.5510204081633,"GDP per Capita"
"Jordan",4459,14,2,12,14,12,85.7142857142857,"Area equipped for full control irrigation: pressurized (sprinkler + localized)"
"Jordan",4462,1,1,0,1,0,0,"Harvested irrigated crop area as % of the full control irrigation area actually irrigated"
"Jordan",4463,1,1,0,1,0,0,"% of area equipped for full control irrigation actually irrigated"
"Jordan",4464,1,1,0,1,0,0,"Irrigated cropping intensity"
"Jordan",4466,1,1,0,1,0,0,"% of area equipped by direct use of treated municipal wastewater"
"Jordan",4467,41,8,33,41,33,80.4878048780488,"Freshwater withdrawal as % of total water withdrawal"
"Jordan",4468,41,8,33,41,33,80.4878048780488,"Municipal water withdrawal per capita (urban population)"
"Jordan",4470,53,12,41,53,41,77.3584905660377,"% of total country area cultivated"
"Jordan",4471,46,10,36,46,36,78.2608695652174,"Dam capacity per capita"
"Jordan",4514,6,2,4,6,4,66.6666666666667,"% of area equipped for irrigation by direct use of non-treated municipal wastewater"
"Jordan",4531,39,8,31,39,31,79.4871794871795,"Industrial water withdrawal per capita"
"Jordan",4532,39,8,31,39,31,79.4871794871795,"Agricultural water withdrawal per capita"
"Jordan",4538,33,8,25,33,25,75.7575757575758,"% of economically active population active in agriculture"
"Jordan",4550,41,8,33,41,33,80.4878048780488,"Not defined6"
"Jordan",4551,41,8,33,41,33,80.4878048780488,"Not defined7"
"Jordan",4552,41,8,33,41,33,80.4878048780488,"Not defined8"
"Jordan",4553,41,8,33,41,33,80.4878048780488,"Not defined9"
"Jordan",4554,41,8,33,41,33,80.4878048780488,"Not defined10"
"Jordan",4555,9,3,6,9,6,66.6666666666667,"Not defined11"
"Jordan",4556,25,6,19,25,19,76,"Not defined12"
"Malaysia",4103,53,12,41,53,41,77.3584905660377,"Cultivated area (arable land + permanent crops)"
"Malaysia",4105,54,12,42,54,42,77.7777777777778,"Rural population"
"Malaysia",4107,54,12,42,54,42,77.7777777777778,"Population density"
"Malaysia",4108,33,8,25,33,25,75.7575757575758,"Population economically active in agriculture"
"Malaysia",4150,53,12,41,53,41,77.3584905660377,"Long-term average annual precipitation in volume"
"Malaysia",4157,53,12,41,53,41,77.3584905660377,"Total internal renewable water resources (IRWR)"
"Malaysia",4158,53,12,41,53,41,77.3584905660377,"Total internal renewable water resources per capita"
"Malaysia",4164,53,12,41,53,41,77.3584905660377,"Surface water: accounted inflow"
"Malaysia",4176,53,12,41,53,41,77.3584905660377,"Surface water: total external renewable"
"Malaysia",4182,53,12,41,53,41,77.3584905660377,"Water resources: total external renewable"
"Malaysia",4185,53,12,41,53,41,77.3584905660377,"Total renewable surface water"
"Malaysia",4187,53,12,41,53,41,77.3584905660377,"Total renewable groundwater"
"Malaysia",4188,53,12,41,53,41,77.3584905660377,"Total renewable water resources"
"Malaysia",4190,53,12,41,53,41,77.3584905660377,"Total renewable water resources per capita"
"Malaysia",4192,53,12,41,53,41,77.3584905660377,"Dependency ratio"
"Malaysia",4253,16,4,12,16,12,75,"Total water withdrawal"
"Malaysia",4254,16,4,12,16,12,75,"Agricultural water withdrawal as % of total water withdrawal"
"Malaysia",4255,16,4,12,16,12,75,"Municipal water withdrawal as % of total withdrawal"
"Malaysia",4256,16,4,12,16,12,75,"Industrial water withdrawal as % of total water withdrawal"
"Malaysia",4257,16,4,12,16,12,75,"Total water withdrawal per capita"
"Malaysia",4263,16,4,12,16,12,75,"Total freshwater withdrawal (primary and secondary)"
"Malaysia",4271,1,1,0,1,0,0,"Agricultural water requirement as % of agricultural water withdrawal"
"Malaysia",4273,16,4,12,16,12,75,"Agricultural water withdrawal as % of total renewable water resources"
"Malaysia",4275,16,4,12,16,12,75,"MDG 7.5. Freshwater withdrawal as % of total renewable water resources"
"Malaysia",4300,1,1,0,1,0,0,"Total cultivated area drained"
"Malaysia",4305,1,1,0,1,0,0,"% of total cultivated area drained"
"Malaysia",4311,23,4,19,23,19,82.6086956521739,"Area equipped for full control irrigation: total"
"Malaysia",4313,49,5,44,49,44,89.7959183673469,"Area equipped for irrigation: total"
"Malaysia",4317,31,5,26,31,26,83.8709677419355,"Total agricultural water managed area"
"Malaysia",4319,31,5,26,31,26,83.8709677419355,"% of agricultural water managed area equipped for irrigation"
"Malaysia",4323,1,1,0,1,0,0,"% of area equipped for irrigation by groundwater"
"Malaysia",4324,1,1,0,1,0,0,"% of area equipped for irrigation by surface water"
"Malaysia",4325,1,1,0,1,0,0,"% of area equipped for irrigation by mixed surface water and groundwater"
"Malaysia",4327,1,1,0,1,0,0,"% of area equipped for irrigation power irrigated"
"Malaysia",4328,1,1,0,1,0,0,"% of the area equipped for irrigation actually irrigated"
"Malaysia",4330,31,5,26,31,26,83.8709677419355,"% of irrigation potential equipped for irrigation"
"Malaysia",4331,31,5,26,31,26,83.8709677419355,"% of the cultivated area equipped for irrigation"
"Malaysia",4446,1,1,0,1,0,0,"% of area equipped for irrigation drained"
"Malaysia",4450,16,4,12,16,12,75,"Freshwater withdrawal as % of internal renewable water resources"
"Malaysia",4457,16,4,12,16,12,75,"Municipal water withdrawal per capita (total population)"
"Malaysia",4458,54,12,42,54,42,77.7777777777778,"GDP per Capita"
"Malaysia",4459,1,1,0,1,0,0,"Area equipped for full control irrigation: pressurized (sprinkler + localized)"
"Malaysia",4462,1,1,0,1,0,0,"Harvested irrigated crop area as % of the full control irrigation area actually irrigated"
"Malaysia",4463,1,1,0,1,0,0,"% of area equipped for full control irrigation actually irrigated"
"Malaysia",4464,1,1,0,1,0,0,"Irrigated cropping intensity"
"Malaysia",4467,16,4,12,16,12,75,"Freshwater withdrawal as % of total water withdrawal"
"Malaysia",4468,16,4,12,16,12,75,"Municipal water withdrawal per capita (urban population)"
"Malaysia",4470,53,12,41,53,41,77.3584905660377,"% of total country area cultivated"
"Malaysia",4471,56,12,44,56,44,78.5714285714286,"Dam capacity per capita"
"Malaysia",4531,16,4,12,16,12,75,"Industrial water withdrawal per capita"
"Malaysia",4532,16,4,12,16,12,75,"Agricultural water withdrawal per capita"
"Malaysia",4538,33,8,25,33,25,75.7575757575758,"% of economically active population active in agriculture"
"Malaysia",4550,16,4,12,16,12,75,"Not defined6"
"Malaysia",4551,16,4,12,16,12,75,"Not defined7"
"Malaysia",4552,16,4,12,16,12,75,"Not defined8"
"Malaysia",4553,16,4,12,16,12,75,"Not defined9"
"Malaysia",4554,16,4,12,16,12,75,"Not defined10"
"Malaysia",4556,1,1,0,1,0,0,"Not defined12"
"Maldives",4103,53,12,41,53,41,77.3584905660377,"Cultivated area (arable land + permanent crops)"
"Maldives",4105,54,12,42,54,42,77.7777777777778,"Rural population"
"Maldives",4107,54,12,42,54,42,77.7777777777778,"Population density"
"Maldives",4108,33,8,25,33,25,75.7575757575758,"Population economically active in agriculture"
"Maldives",4150,53,12,41,53,41,77.3584905660377,"Long-term average annual precipitation in volume"
"Maldives",4157,53,12,41,53,41,77.3584905660377,"Total internal renewable water resources (IRWR)"
"Maldives",4158,53,12,41,53,41,77.3584905660377,"Total internal renewable water resources per capita"
"Maldives",4164,53,12,41,53,41,77.3584905660377,"Surface water: accounted inflow"
"Maldives",4176,53,12,41,53,41,77.3584905660377,"Surface water: total external renewable"
"Maldives",4182,53,12,41,53,41,77.3584905660377,"Water resources: total external renewable"
"Maldives",4185,53,12,41,53,41,77.3584905660377,"Total renewable surface water"
"Maldives",4187,53,12,41,53,41,77.3584905660377,"Total renewable groundwater"
"Maldives",4188,53,12,41,53,41,77.3584905660377,"Total renewable water resources"
"Maldives",4190,53,12,41,53,41,77.3584905660377,"Total renewable water resources per capita"
"Maldives",4192,53,12,41,53,41,77.3584905660377,"Dependency ratio"
"Maldives",4253,22,2,20,22,20,90.9090909090909,"Total water withdrawal"
"Maldives",4254,22,2,20,22,20,90.9090909090909,"Agricultural water withdrawal as % of total water withdrawal"
"Maldives",4255,22,2,20,22,20,90.9090909090909,"Municipal water withdrawal as % of total withdrawal"
"Maldives",4256,22,2,20,22,20,90.9090909090909,"Industrial water withdrawal as % of total water withdrawal"
"Maldives",4257,22,2,20,22,20,90.9090909090909,"Total water withdrawal per capita"
"Maldives",4263,22,2,20,22,20,90.9090909090909,"Total freshwater withdrawal (primary and secondary)"
"Maldives",4273,22,2,20,22,20,90.9090909090909,"Agricultural water withdrawal as % of total renewable water resources"
"Maldives",4275,22,2,20,22,20,90.9090909090909,"MDG 7.5. Freshwater withdrawal as % of total renewable water resources"
"Maldives",4300,1,1,0,1,0,0,"Total cultivated area drained"
"Maldives",4305,1,1,0,1,0,0,"% of total cultivated area drained"
"Maldives",4311,1,1,0,1,0,0,"Area equipped for full control irrigation: total"
"Maldives",4313,1,1,0,1,0,0,"Area equipped for irrigation: total"
"Maldives",4317,1,1,0,1,0,0,"Total agricultural water managed area"
"Maldives",4331,1,1,0,1,0,0,"% of the cultivated area equipped for irrigation"
"Maldives",4450,22,2,20,22,20,90.9090909090909,"Freshwater withdrawal as % of internal renewable water resources"
"Maldives",4457,22,3,19,22,19,86.3636363636364,"Municipal water withdrawal per capita (total population)"
"Maldives",4458,34,8,26,34,26,76.4705882352941,"GDP per Capita"
"Maldives",4467,22,2,20,22,20,90.9090909090909,"Freshwater withdrawal as % of total water withdrawal"
"Maldives",4468,22,3,19,22,19,86.3636363636364,"Municipal water withdrawal per capita (urban population)"
"Maldives",4470,53,12,41,53,41,77.3584905660377,"% of total country area cultivated"
"Maldives",4471,1,1,0,1,0,0,"Dam capacity per capita"
"Maldives",4531,26,3,23,26,23,88.4615384615385,"Industrial water withdrawal per capita"
"Maldives",4532,26,2,24,26,24,92.3076923076923,"Agricultural water withdrawal per capita"
"Maldives",4538,33,8,25,33,25,75.7575757575758,"% of economically active population active in agriculture"
"Maldives",4550,22,2,20,22,20,90.9090909090909,"Not defined6"
"Maldives",4553,22,3,19,22,19,86.3636363636364,"Not defined9"
"Maldives",4554,22,3,19,22,19,86.3636363636364,"Not defined10"
"Mauritania",4103,53,12,41,53,41,77.3584905660377,"Cultivated area (arable land + permanent crops)"
"Mauritania",4105,54,12,42,54,42,77.7777777777778,"Rural population"
"Mauritania",4107,54,12,42,54,42,77.7777777777778,"Population density"
"Mauritania",4108,33,8,25,33,25,75.7575757575758,"Population economically active in agriculture"
"Mauritania",4150,53,12,41,53,41,77.3584905660377,"Long-term average annual precipitation in volume"
"Mauritania",4157,53,12,41,53,41,77.3584905660377,"Total internal renewable water resources (IRWR)"
"Mauritania",4158,53,12,41,53,41,77.3584905660377,"Total internal renewable water resources per capita"
"Mauritania",4164,53,12,41,53,41,77.3584905660377,"Surface water: accounted inflow"
"Mauritania",4176,53,12,41,53,41,77.3584905660377,"Surface water: total external renewable"
"Mauritania",4182,53,12,41,53,41,77.3584905660377,"Water resources: total external renewable"
"Mauritania",4185,53,12,41,53,41,77.3584905660377,"Total renewable surface water"
"Mauritania",4187,53,12,41,53,41,77.3584905660377,"Total renewable groundwater"
"Mauritania",4188,53,12,41,53,41,77.3584905660377,"Total renewable water resources"
"Mauritania",4190,53,12,41,53,41,77.3584905660377,"Total renewable water resources per capita"
"Mauritania",4192,53,12,41,53,41,77.3584905660377,"Dependency ratio"
"Mauritania",4253,26,3,23,26,23,88.4615384615385,"Total water withdrawal"
"Mauritania",4254,26,3,23,26,23,88.4615384615385,"Agricultural water withdrawal as % of total water withdrawal"
"Mauritania",4255,26,3,23,26,23,88.4615384615385,"Municipal water withdrawal as % of total withdrawal"
"Mauritania",4256,26,3,23,26,23,88.4615384615385,"Industrial water withdrawal as % of total water withdrawal"
"Mauritania",4257,26,3,23,26,23,88.4615384615385,"Total water withdrawal per capita"
"Mauritania",4263,26,3,23,26,23,88.4615384615385,"Total freshwater withdrawal (primary and secondary)"
"Mauritania",4271,1,1,0,1,0,0,"Agricultural water requirement as % of agricultural water withdrawal"
"Mauritania",4273,25,4,21,25,21,84,"Agricultural water withdrawal as % of total renewable water resources"
"Mauritania",4275,26,3,23,26,23,88.4615384615385,"MDG 7.5. Freshwater withdrawal as % of total renewable water resources"
"Mauritania",4300,1,1,0,1,0,0,"Total cultivated area drained"
"Mauritania",4305,1,1,0,1,0,0,"% of total cultivated area drained"
"Mauritania",4311,11,2,9,11,9,81.8181818181818,"Area equipped for full control irrigation: total"
"Mauritania",4313,11,2,9,11,9,81.8181818181818,"Area equipped for irrigation: total"
"Mauritania",4317,11,2,9,11,9,81.8181818181818,"Total agricultural water managed area"
"Mauritania",4319,11,2,9,11,9,81.8181818181818,"% of agricultural water managed area equipped for irrigation"
"Mauritania",4323,1,1,0,1,0,0,"% of area equipped for irrigation by groundwater"
"Mauritania",4324,1,1,0,1,0,0,"% of area equipped for irrigation by surface water"
"Mauritania",4325,1,1,0,1,0,0,"% of area equipped for irrigation by mixed surface water and groundwater"
"Mauritania",4328,11,2,9,11,9,81.8181818181818,"% of the area equipped for irrigation actually irrigated"
"Mauritania",4330,11,2,9,11,9,81.8181818181818,"% of irrigation potential equipped for irrigation"
"Mauritania",4331,11,2,9,11,9,81.8181818181818,"% of the cultivated area equipped for irrigation"
"Mauritania",4448,1,1,0,1,0,0,"Other agricultural water managed area"
"Mauritania",4450,26,3,23,26,23,88.4615384615385,"Freshwater withdrawal as % of internal renewable water resources"
"Mauritania",4457,26,4,22,26,22,84.6153846153846,"Municipal water withdrawal per capita (total population)"
"Mauritania",4458,53,12,41,53,41,77.3584905660377,"GDP per Capita"
"Mauritania",4462,1,1,0,1,0,0,"Harvested irrigated crop area as % of the full control irrigation area actually irrigated"
"Mauritania",4463,11,2,9,11,9,81.8181818181818,"% of area equipped for full control irrigation actually irrigated"
"Mauritania",4464,1,1,0,1,0,0,"Irrigated cropping intensity"
"Mauritania",4467,26,3,23,26,23,88.4615384615385,"Freshwater withdrawal as % of total water withdrawal"
"Mauritania",4468,26,4,22,26,22,84.6153846153846,"Municipal water withdrawal per capita (urban population)"
"Mauritania",4470,53,12,41,53,41,77.3584905660377,"% of total country area cultivated"
"Mauritania",4471,26,6,20,26,20,76.9230769230769,"Dam capacity per capita"
"Mauritania",4531,26,3,23,26,23,88.4615384615385,"Industrial water withdrawal per capita"
"Mauritania",4532,26,4,22,26,22,84.6153846153846,"Agricultural water withdrawal per capita"
"Mauritania",4538,33,8,25,33,25,75.7575757575758,"% of economically active population active in agriculture"
"Mauritania",4550,26,3,23,26,23,88.4615384615385,"Not defined6"
"Mauritania",4551,26,3,23,26,23,88.4615384615385,"Not defined7"
"Mauritania",4552,25,4,21,25,21,84,"Not defined8"
"Mauritania",4553,26,3,23,26,23,88.4615384615385,"Not defined9"
"Mauritania",4554,26,4,22,26,22,84.6153846153846,"Not defined10"
"Mauritania",4555,1,1,0,1,0,0,"Not defined11"
"Mauritania",4556,1,1,0,1,0,0,"Not defined12"
"Niger",4103,53,12,41,53,41,77.3584905660377,"Cultivated area (arable land + permanent crops)"
"Niger",4105,54,12,42,54,42,77.7777777777778,"Rural population"
"Niger",4107,54,12,42,54,42,77.7777777777778,"Population density"
"Niger",4108,33,8,25,33,25,75.7575757575758,"Population economically active in agriculture"
"Niger",4150,53,12,41,53,41,77.3584905660377,"Long-term average annual precipitation in volume"
"Niger",4157,53,12,41,53,41,77.3584905660377,"Total internal renewable water resources (IRWR)"
"Niger",4158,53,12,41,53,41,77.3584905660377,"Total internal renewable water resources per capita"
"Niger",4164,53,12,41,53,41,77.3584905660377,"Surface water: accounted inflow"
"Niger",4176,53,12,41,53,41,77.3584905660377,"Surface water: total external renewable"
"Niger",4182,53,12,41,53,41,77.3584905660377,"Water resources: total external renewable"
"Niger",4185,53,12,41,53,41,77.3584905660377,"Total renewable surface water"
"Niger",4187,53,12,41,53,41,77.3584905660377,"Total renewable groundwater"
"Niger",4188,53,12,41,53,41,77.3584905660377,"Total renewable water resources"
"Niger",4190,53,12,41,53,41,77.3584905660377,"Total renewable water resources per capita"
"Niger",4192,53,12,41,53,41,77.3584905660377,"Dependency ratio"
"Niger",4196,51,11,40,51,40,78.4313725490196,"Total exploitable water resources"
"Niger",4253,18,2,16,18,16,88.8888888888889,"Total water withdrawal"
"Niger",4254,18,2,16,18,16,88.8888888888889,"Agricultural water withdrawal as % of total water withdrawal"
"Niger",4255,18,2,16,18,16,88.8888888888889,"Municipal water withdrawal as % of total withdrawal"
"Niger",4256,18,2,16,18,16,88.8888888888889,"Industrial water withdrawal as % of total water withdrawal"
"Niger",4257,18,2,16,18,16,88.8888888888889,"Total water withdrawal per capita"
"Niger",4263,18,2,16,18,16,88.8888888888889,"Total freshwater withdrawal (primary and secondary)"
"Niger",4273,18,2,16,18,16,88.8888888888889,"Agricultural water withdrawal as % of total renewable water resources"
"Niger",4275,16,2,14,16,14,87.5,"MDG 7.5. Freshwater withdrawal as % of total renewable water resources"
"Niger",4311,23,4,19,23,19,82.6086956521739,"Area equipped for full control irrigation: total"
"Niger",4313,23,4,19,23,19,82.6086956521739,"Area equipped for irrigation: total"
"Niger",4317,27,5,22,27,22,81.4814814814815,"Total agricultural water managed area"
"Niger",4319,23,4,19,23,19,82.6086956521739,"% of agricultural water managed area equipped for irrigation"
"Niger",4323,1,1,0,1,0,0,"% of area equipped for irrigation by groundwater"
"Niger",4324,1,1,0,1,0,0,"% of area equipped for irrigation by surface water"
"Niger",4327,1,1,0,1,0,0,"% of area equipped for irrigation power irrigated"
"Niger",4328,12,3,9,12,9,75,"% of the area equipped for irrigation actually irrigated"
"Niger",4330,23,4,19,23,19,82.6086956521739,"% of irrigation potential equipped for irrigation"
"Niger",4331,23,4,19,23,19,82.6086956521739,"% of the cultivated area equipped for irrigation"
"Niger",4445,1,1,0,1,0,0,"% of area equipped for irrigation salinized"
"Niger",4450,18,2,16,18,16,88.8888888888889,"Freshwater withdrawal as % of internal renewable water resources"
"Niger",4457,25,4,21,25,21,84,"Municipal water withdrawal per capita (total population)"
"Niger",4458,54,12,42,54,42,77.7777777777778,"GDP per Capita"
"Niger",4462,1,1,0,1,0,0,"Harvested irrigated crop area as % of the full control irrigation area actually irrigated"
"Niger",4463,7,2,5,7,5,71.4285714285714,"% of area equipped for full control irrigation actually irrigated"
"Niger",4464,1,1,0,1,0,0,"Irrigated cropping intensity"
"Niger",4467,18,2,16,18,16,88.8888888888889,"Freshwater withdrawal as % of total water withdrawal"
"Niger",4468,25,4,21,25,21,84,"Municipal water withdrawal per capita (urban population)"
"Niger",4470,53,12,41,53,41,77.3584905660377,"% of total country area cultivated"
"Niger",4471,56,12,44,56,44,78.5714285714286,"Dam capacity per capita"
"Niger",4531,21,4,17,21,17,80.9523809523809,"Industrial water withdrawal per capita"
"Niger",4532,16,2,14,16,14,87.5,"Agricultural water withdrawal per capita"
"Niger",4538,33,8,25,33,25,75.7575757575758,"% of economically active population active in agriculture"
"Niger",4550,18,2,16,18,16,88.8888888888889,"Not defined6"
"Niger",4551,18,2,16,18,16,88.8888888888889,"Not defined7"
"Niger",4552,18,2,16,18,16,88.8888888888889,"Not defined8"
"Niger",4553,25,4,21,25,21,84,"Not defined9"
"Niger",4554,25,4,21,25,21,84,"Not defined10"
"Niger",4555,1,1,0,1,0,0,"Not defined11"
"Niger",4556,15,2,13,15,13,86.6666666666667,"Not defined12"
"Nigeria",4103,53,12,41,53,41,77.3584905660377,"Cultivated area (arable land + permanent crops)"
"Nigeria",4105,54,12,42,54,42,77.7777777777778,"Rural population"
"Nigeria",4107,54,12,42,54,42,77.7777777777778,"Population density"
"Nigeria",4108,33,8,25,33,25,75.7575757575758,"Population economically active in agriculture"
"Nigeria",4150,53,12,41,53,41,77.3584905660377,"Long-term average annual precipitation in volume"
"Nigeria",4157,53,12,41,53,41,77.3584905660377,"Total internal renewable water resources (IRWR)"
"Nigeria",4158,53,12,41,53,41,77.3584905660377,"Total internal renewable water resources per capita"
"Nigeria",4164,53,12,41,53,41,77.3584905660377,"Surface water: accounted inflow"
"Nigeria",4176,53,12,41,53,41,77.3584905660377,"Surface water: total external renewable"
"Nigeria",4182,53,12,41,53,41,77.3584905660377,"Water resources: total external renewable"
"Nigeria",4185,53,12,41,53,41,77.3584905660377,"Total renewable surface water"
"Nigeria",4187,53,12,41,53,41,77.3584905660377,"Total renewable groundwater"
"Nigeria",4188,53,12,41,53,41,77.3584905660377,"Total renewable water resources"
"Nigeria",4190,53,12,41,53,41,77.3584905660377,"Total renewable water resources per capita"
"Nigeria",4192,53,12,41,53,41,77.3584905660377,"Dependency ratio"
"Nigeria",4253,24,4,20,24,20,83.3333333333333,"Total water withdrawal"
"Nigeria",4254,24,4,20,24,20,83.3333333333333,"Agricultural water withdrawal as % of total water withdrawal"
"Nigeria",4255,24,4,20,24,20,83.3333333333333,"Municipal water withdrawal as % of total withdrawal"
"Nigeria",4256,24,4,20,24,20,83.3333333333333,"Industrial water withdrawal as % of total water withdrawal"
"Nigeria",4257,24,4,20,24,20,83.3333333333333,"Total water withdrawal per capita"
"Nigeria",4263,24,4,20,24,20,83.3333333333333,"Total freshwater withdrawal (primary and secondary)"
"Nigeria",4271,1,1,0,1,0,0,"Agricultural water requirement as % of agricultural water withdrawal"
"Nigeria",4273,24,4,20,24,20,83.3333333333333,"Agricultural water withdrawal as % of total renewable water resources"
"Nigeria",4275,24,4,20,24,20,83.3333333333333,"MDG 7.5. Freshwater withdrawal as % of total renewable water resources"
"Nigeria",4311,20,4,16,20,16,80,"Area equipped for full control irrigation: total"
"Nigeria",4313,20,4,16,20,16,80,"Area equipped for irrigation: total"
"Nigeria",4317,20,4,16,20,16,80,"Total agricultural water managed area"
"Nigeria",4319,20,4,16,20,16,80,"% of agricultural water managed area equipped for irrigation"
"Nigeria",4323,1,1,0,1,0,0,"% of area equipped for irrigation by groundwater"
"Nigeria",4324,1,1,0,1,0,0,"% of area equipped for irrigation by surface water"
"Nigeria",4327,1,1,0,1,0,0,"% of area equipped for irrigation power irrigated"
"Nigeria",4328,14,3,11,14,11,78.5714285714286,"% of the area equipped for irrigation actually irrigated"
"Nigeria",4330,20,4,16,20,16,80,"% of irrigation potential equipped for irrigation"
"Nigeria",4331,20,4,16,20,16,80,"% of the cultivated area equipped for irrigation"
"Nigeria",4445,1,1,0,1,0,0,"% of area equipped for irrigation salinized"
"Nigeria",4450,24,4,20,24,20,83.3333333333333,"Freshwater withdrawal as % of internal renewable water resources"
"Nigeria",4457,24,4,20,24,20,83.3333333333333,"Municipal water withdrawal per capita (total population)"
"Nigeria",4458,54,12,42,54,42,77.7777777777778,"GDP per Capita"
"Nigeria",4459,1,1,0,1,0,0,"Area equipped for full control irrigation: pressurized (sprinkler + localized)"
"Nigeria",4462,1,1,0,1,0,0,"Harvested irrigated crop area as % of the full control irrigation area actually irrigated"
"Nigeria",4463,7,2,5,7,5,71.4285714285714,"% of area equipped for full control irrigation actually irrigated"
"Nigeria",4464,1,1,0,1,0,0,"Irrigated cropping intensity"
"Nigeria",4467,24,4,20,24,20,83.3333333333333,"Freshwater withdrawal as % of total water withdrawal"
"Nigeria",4468,24,4,20,24,20,83.3333333333333,"Municipal water withdrawal per capita (urban population)"
"Nigeria",4470,53,12,41,53,41,77.3584905660377,"% of total country area cultivated"
"Nigeria",4471,56,12,44,56,44,78.5714285714286,"Dam capacity per capita"
"Nigeria",4531,26,4,22,26,22,84.6153846153846,"Industrial water withdrawal per capita"
"Nigeria",4532,26,4,22,26,22,84.6153846153846,"Agricultural water withdrawal per capita"
"Nigeria",4538,33,8,25,33,25,75.7575757575758,"% of economically active population active in agriculture"
"Nigeria",4550,24,4,20,24,20,83.3333333333333,"Not defined6"
"Nigeria",4551,24,4,20,24,20,83.3333333333333,"Not defined7"
"Nigeria",4552,24,4,20,24,20,83.3333333333333,"Not defined8"
"Nigeria",4553,24,4,20,24,20,83.3333333333333,"Not defined9"
"Nigeria",4554,24,4,20,24,20,83.3333333333333,"Not defined10"
"Nigeria",4555,1,1,0,1,0,0,"Not defined11"
"Nigeria",4556,1,1,0,1,0,0,"Not defined12"
"Niue",4103,53,12,41,53,41,77.3584905660377,"Cultivated area (arable land + permanent crops)"
"Niue",4105,54,12,42,54,42,77.7777777777778,"Rural population"
"Niue",4107,54,12,42,54,42,77.7777777777778,"Population density"
"Niue",4108,33,8,25,33,25,75.7575757575758,"Population economically active in agriculture"
"Niue",4164,53,12,41,53,41,77.3584905660377,"Surface water: accounted inflow"
"Niue",4176,53,12,41,53,41,77.3584905660377,"Surface water: total external renewable"
"Niue",4182,53,12,41,53,41,77.3584905660377,"Water resources: total external renewable"
"Niue",4192,53,12,41,53,41,77.3584905660377,"Dependency ratio"
"Niue",4470,53,12,41,53,41,77.3584905660377,"% of total country area cultivated"
"Niue",4538,33,8,25,33,25,75.7575757575758,"% of economically active population active in agriculture"
"Romania",4103,53,12,41,53,41,77.3584905660377,"Cultivated area (arable land + permanent crops)"
"Romania",4105,54,12,42,54,42,77.7777777777778,"Rural population"
"Romania",4107,54,12,42,54,42,77.7777777777778,"Population density"
"Romania",4108,33,8,25,33,25,75.7575757575758,"Population economically active in agriculture"
"Romania",4150,53,12,41,53,41,77.3584905660377,"Long-term average annual precipitation in volume"
"Romania",4157,53,12,41,53,41,77.3584905660377,"Total internal renewable water resources (IRWR)"
"Romania",4158,53,12,41,53,41,77.3584905660377,"Total internal renewable water resources per capita"
"Romania",4164,53,12,41,53,41,77.3584905660377,"Surface water: accounted inflow"
"Romania",4176,53,12,41,53,41,77.3584905660377,"Surface water: total external renewable"
"Romania",4182,53,12,41,53,41,77.3584905660377,"Water resources: total external renewable"
"Romania",4185,53,12,41,53,41,77.3584905660377,"Total renewable surface water"
"Romania",4187,53,12,41,53,41,77.3584905660377,"Total renewable groundwater"
"Romania",4188,53,12,41,53,41,77.3584905660377,"Total renewable water resources"
"Romania",4190,53,12,41,53,41,77.3584905660377,"Total renewable water resources per capita"
"Romania",4192,53,12,41,53,41,77.3584905660377,"Dependency ratio"
"Romania",4196,51,11,40,51,40,78.4313725490196,"Total exploitable water resources"
"Romania",4253,44,10,34,44,34,77.2727272727273,"Total water withdrawal"
"Romania",4254,44,10,34,44,34,77.2727272727273,"Agricultural water withdrawal as % of total water withdrawal"
"Romania",4255,44,9,35,44,35,79.5454545454545,"Municipal water withdrawal as % of total withdrawal"
"Romania",4256,44,9,35,44,35,79.5454545454545,"Industrial water withdrawal as % of total water withdrawal"
"Romania",4257,44,10,34,44,34,77.2727272727273,"Total water withdrawal per capita"
"Romania",4263,44,10,34,44,34,77.2727272727273,"Total freshwater withdrawal (primary and secondary)"
"Romania",4271,1,1,0,1,0,0,"Agricultural water requirement as % of agricultural water withdrawal"
"Romania",4273,44,10,34,44,34,77.2727272727273,"Agricultural water withdrawal as % of total renewable water resources"
"Romania",4275,44,10,34,44,34,77.2727272727273,"MDG 7.5. Freshwater withdrawal as % of total renewable water resources"
"Romania",4300,1,1,0,1,0,0,"Total cultivated area drained"
"Romania",4305,1,1,0,1,0,0,"% of total cultivated area drained"
"Romania",4311,44,9,35,44,35,79.5454545454545,"Area equipped for full control irrigation: total"
"Romania",4313,44,10,34,44,34,77.2727272727273,"Area equipped for irrigation: total"
"Romania",4317,44,10,34,44,34,77.2727272727273,"Total agricultural water managed area"
"Romania",4319,44,10,34,44,34,77.2727272727273,"% of agricultural water managed area equipped for irrigation"
"Romania",4328,7,3,4,7,4,57.1428571428571,"% of the area equipped for irrigation actually irrigated"
"Romania",4330,44,10,34,44,34,77.2727272727273,"% of irrigation potential equipped for irrigation"
"Romania",4331,44,10,34,44,34,77.2727272727273,"% of the cultivated area equipped for irrigation"
"Romania",4445,1,1,0,1,0,0,"% of area equipped for irrigation salinized"
"Romania",4450,44,10,34,44,34,77.2727272727273,"Freshwater withdrawal as % of internal renewable water resources"
"Romania",4457,44,9,35,44,35,79.5454545454545,"Municipal water withdrawal per capita (total population)"
"Romania",4458,29,7,22,29,22,75.8620689655172,"GDP per Capita"
"Romania",4459,14,2,12,14,12,85.7142857142857,"Area equipped for full control irrigation: pressurized (sprinkler + localized)"
"Romania",4462,1,1,0,1,0,0,"Harvested irrigated crop area as % of the full control irrigation area actually irrigated"
"Romania",4463,7,3,4,7,4,57.1428571428571,"% of area equipped for full control irrigation actually irrigated"
"Romania",4464,1,1,0,1,0,0,"Irrigated cropping intensity"
"Romania",4467,44,10,34,44,34,77.2727272727273,"Freshwater withdrawal as % of total water withdrawal"
"Romania",4468,44,9,35,44,35,79.5454545454545,"Municipal water withdrawal per capita (urban population)"
"Romania",4470,53,12,41,53,41,77.3584905660377,"% of total country area cultivated"
"Romania",4471,56,12,44,56,44,78.5714285714286,"Dam capacity per capita"
"Romania",4531,44,9,35,44,35,79.5454545454545,"Industrial water withdrawal per capita"
"Romania",4532,44,10,34,44,34,77.2727272727273,"Agricultural water withdrawal per capita"
"Romania",4538,33,8,25,33,25,75.7575757575758,"% of economically active population active in agriculture"
"Romania",4550,44,10,34,44,34,77.2727272727273,"Not defined6"
"Romania",4551,44,9,35,44,35,79.5454545454545,"Not defined7"
"Romania",4552,44,10,34,44,34,77.2727272727273,"Not defined8"
"Romania",4553,44,9,35,44,35,79.5454545454545,"Not defined9"
"Romania",4554,44,9,35,44,35,79.5454545454545,"Not defined10"
"Romania",4555,1,1,0,1,0,0,"Not defined11"
"Romania",4556,1,1,0,1,0,0,"Not defined12"
"Russian Federation",4103,23,6,17,23,17,73.9130434782609,"Cultivated area (arable land + permanent crops)"
"Russian Federation",4105,24,6,18,24,18,75,"Rural population"
"Russian Federation",4107,24,6,18,24,18,75,"Population density"
"Russian Federation",4108,23,6,17,23,17,73.9130434782609,"Population economically active in agriculture"
"Russian Federation",4150,23,6,17,23,17,73.9130434782609,"Long-term average annual precipitation in volume"
"Russian Federation",4157,23,6,17,23,17,73.9130434782609,"Total internal renewable water resources (IRWR)"
"Russian Federation",4158,23,6,17,23,17,73.9130434782609,"Total internal renewable water resources per capita"
"Russian Federation",4164,23,6,17,23,17,73.9130434782609,"Surface water: accounted inflow"
"Russian Federation",4176,23,6,17,23,17,73.9130434782609,"Surface water: total external renewable"
"Russian Federation",4182,23,6,17,23,17,73.9130434782609,"Water resources: total external renewable"
"Russian Federation",4185,23,6,17,23,17,73.9130434782609,"Total renewable surface water"
"Russian Federation",4187,23,6,17,23,17,73.9130434782609,"Total renewable groundwater"
"Russian Federation",4188,23,6,17,23,17,73.9130434782609,"Total renewable water resources"
"Russian Federation",4190,23,6,17,23,17,73.9130434782609,"Total renewable water resources per capita"
"Russian Federation",4192,23,6,17,23,17,73.9130434782609,"Dependency ratio"
"Russian Federation",4253,20,3,17,20,17,85,"Total water withdrawal"
"Russian Federation",4254,8,2,6,8,6,75,"Agricultural water withdrawal as % of total water withdrawal"
"Russian Federation",4255,8,2,6,8,6,75,"Municipal water withdrawal as % of total withdrawal"
"Russian Federation",4256,8,2,6,8,6,75,"Industrial water withdrawal as % of total water withdrawal"
"Russian Federation",4257,20,3,17,20,17,85,"Total water withdrawal per capita"
"Russian Federation",4263,20,3,17,20,17,85,"Total freshwater withdrawal (primary and secondary)"
"Russian Federation",4273,8,2,6,8,6,75,"Agricultural water withdrawal as % of total renewable water resources"
"Russian Federation",4275,20,3,17,20,17,85,"MDG 7.5. Freshwater withdrawal as % of total renewable water resources"
"Russian Federation",4300,1,1,0,1,0,0,"Total cultivated area drained"
"Russian Federation",4305,1,1,0,1,0,0,"% of total cultivated area drained"
"Russian Federation",4311,13,2,11,13,11,84.6153846153846,"Area equipped for full control irrigation: total"
"Russian Federation",4313,13,2,11,13,11,84.6153846153846,"Area equipped for irrigation: total"
"Russian Federation",4317,13,2,11,13,11,84.6153846153846,"Total agricultural water managed area"
"Russian Federation",4319,13,2,11,13,11,84.6153846153846,"% of agricultural water managed area equipped for irrigation"
"Russian Federation",4323,1,1,0,1,0,0,"% of area equipped for irrigation by groundwater"
"Russian Federation",4324,1,1,0,1,0,0,"% of area equipped for irrigation by surface water"
"Russian Federation",4328,13,2,11,13,11,84.6153846153846,"% of the area equipped for irrigation actually irrigated"
"Russian Federation",4330,13,2,11,13,11,84.6153846153846,"% of irrigation potential equipped for irrigation"
"Russian Federation",4331,13,2,11,13,11,84.6153846153846,"% of the cultivated area equipped for irrigation"
"Russian Federation",4450,20,3,17,20,17,85,"Freshwater withdrawal as % of internal renewable water resources"
"Russian Federation",4455,1,1,0,1,0,0,"Conservation agriculture area as % of arable land area"
"Russian Federation",4457,8,2,6,8,6,75,"Municipal water withdrawal per capita (total population)"
"Russian Federation",4458,24,6,18,24,18,75,"GDP per Capita"
"Russian Federation",4462,1,1,0,1,0,0,"Harvested irrigated crop area as % of the full control irrigation area actually irrigated"
"Russian Federation",4463,1,1,0,1,0,0,"% of area equipped for full control irrigation actually irrigated"
"Russian Federation",4464,1,1,0,1,0,0,"Irrigated cropping intensity"
"Russian Federation",4467,20,3,17,20,17,85,"Freshwater withdrawal as % of total water withdrawal"
"Russian Federation",4468,8,2,6,8,6,75,"Municipal water withdrawal per capita (urban population)"
"Russian Federation",4470,23,6,17,23,17,73.9130434782609,"% of total country area cultivated"
"Russian Federation",4471,21,5,16,21,16,76.1904761904762,"Dam capacity per capita"
"Russian Federation",4531,6,2,4,6,4,66.6666666666667,"Industrial water withdrawal per capita"
"Russian Federation",4532,6,2,4,6,4,66.6666666666667,"Agricultural water withdrawal per capita"
"Russian Federation",4538,23,6,17,23,17,73.9130434782609,"% of economically active population active in agriculture"
"Russian Federation",4550,20,3,17,20,17,85,"Not defined6"
"Russian Federation",4551,8,2,6,8,6,75,"Not defined7"
"Russian Federation",4552,8,2,6,8,6,75,"Not defined8"
"Russian Federation",4553,8,2,6,8,6,75,"Not defined9"
"Russian Federation",4554,8,2,6,8,6,75,"Not defined10"
"Russian Federation",4555,1,1,0,1,0,0,"Not defined11"
"Russian Federation",4556,13,2,11,13,11,84.6153846153846,"Not defined12"
"Saint Lucia",4103,53,12,41,53,41,77.3584905660377,"Cultivated area (arable land + permanent crops)"
"Saint Lucia",4105,54,12,42,54,42,77.7777777777778,"Rural population"
"Saint Lucia",4107,54,12,42,54,42,77.7777777777778,"Population density"
"Saint Lucia",4108,33,8,25,33,25,75.7575757575758,"Population economically active in agriculture"
"Saint Lucia",4150,53,12,41,53,41,77.3584905660377,"Long-term average annual precipitation in volume"
"Saint Lucia",4157,53,12,41,53,41,77.3584905660377,"Total internal renewable water resources (IRWR)"
"Saint Lucia",4158,53,12,41,53,41,77.3584905660377,"Total internal renewable water resources per capita"
"Saint Lucia",4164,53,12,41,53,41,77.3584905660377,"Surface water: accounted inflow"
"Saint Lucia",4176,53,12,41,53,41,77.3584905660377,"Surface water: total external renewable"
"Saint Lucia",4182,53,12,41,53,41,77.3584905660377,"Water resources: total external renewable"
"Saint Lucia",4188,53,12,41,53,41,77.3584905660377,"Total renewable water resources"
"Saint Lucia",4190,53,12,41,53,41,77.3584905660377,"Total renewable water resources per capita"
"Saint Lucia",4192,53,12,41,53,41,77.3584905660377,"Dependency ratio"
"Saint Lucia",4253,1,1,0,1,0,0,"Total water withdrawal"
"Saint Lucia",4254,1,1,0,1,0,0,"Agricultural water withdrawal as % of total water withdrawal"
"Saint Lucia",4255,1,1,0,1,0,0,"Municipal water withdrawal as % of total withdrawal"
"Saint Lucia",4256,1,1,0,1,0,0,"Industrial water withdrawal as % of total water withdrawal"
"Saint Lucia",4257,1,1,0,1,0,0,"Total water withdrawal per capita"
"Saint Lucia",4263,1,1,0,1,0,0,"Total freshwater withdrawal (primary and secondary)"
"Saint Lucia",4271,1,1,0,1,0,0,"Agricultural water requirement as % of agricultural water withdrawal"
"Saint Lucia",4273,1,1,0,1,0,0,"Agricultural water withdrawal as % of total renewable water resources"
"Saint Lucia",4275,1,1,0,1,0,0,"MDG 7.5. Freshwater withdrawal as % of total renewable water resources"
"Saint Lucia",4311,1,1,0,1,0,0,"Area equipped for full control irrigation: total"
"Saint Lucia",4313,47,1,46,47,46,97.8723404255319,"Area equipped for irrigation: total"
"Saint Lucia",4317,1,1,0,1,0,0,"Total agricultural water managed area"
"Saint Lucia",4319,1,1,0,1,0,0,"% of agricultural water managed area equipped for irrigation"
"Saint Lucia",4324,1,1,0,1,0,0,"% of area equipped for irrigation by surface water"
"Saint Lucia",4331,1,1,0,1,0,0,"% of the cultivated area equipped for irrigation"
"Saint Lucia",4450,1,1,0,1,0,0,"Freshwater withdrawal as % of internal renewable water resources"
"Saint Lucia",4457,1,1,0,1,0,0,"Municipal water withdrawal per capita (total population)"
"Saint Lucia",4458,34,8,26,34,26,76.4705882352941,"GDP per Capita"
"Saint Lucia",4467,1,1,0,1,0,0,"Freshwater withdrawal as % of total water withdrawal"
"Saint Lucia",4468,1,1,0,1,0,0,"Municipal water withdrawal per capita (urban population)"
"Saint Lucia",4470,53,12,41,53,41,77.3584905660377,"% of total country area cultivated"
"Saint Lucia",4471,1,1,0,1,0,0,"Dam capacity per capita"
"Saint Lucia",4531,1,1,0,1,0,0,"Industrial water withdrawal per capita"
"Saint Lucia",4532,1,1,0,1,0,0,"Agricultural water withdrawal per capita"
"Saint Lucia",4538,33,8,25,33,25,75.7575757575758,"% of economically active population active in agriculture"
"Saint Lucia",4550,1,1,0,1,0,0,"Not defined6"
"Saint Lucia",4552,1,1,0,1,0,0,"Not defined8"
"Saint Lucia",4554,1,1,0,1,0,0,"Not defined10"
"Saint Lucia",4555,1,1,0,1,0,0,"Not defined11"
"Saint Lucia",4556,1,1,0,1,0,0,"Not defined12"
"Samoa",4103,53,12,41,53,41,77.3584905660377,"Cultivated area (arable land + permanent crops)"
"Samoa",4105,54,12,42,54,42,77.7777777777778,"Rural population"
"Samoa",4107,54,12,42,54,42,77.7777777777778,"Population density"
"Samoa",4108,33,8,25,33,25,75.7575757575758,"Population economically active in agriculture"
"Samoa",4150,53,12,41,53,41,77.3584905660377,"Long-term average annual precipitation in volume"
"Samoa",4164,53,12,41,53,41,77.3584905660377,"Surface water: accounted inflow"
"Samoa",4176,53,12,41,53,41,77.3584905660377,"Surface water: total external renewable"
"Samoa",4182,53,12,41,53,41,77.3584905660377,"Water resources: total external renewable"
"Samoa",4192,53,12,41,53,41,77.3584905660377,"Dependency ratio"
"Samoa",4458,34,8,26,34,26,76.4705882352941,"GDP per Capita"
"Samoa",4470,53,12,41,53,41,77.3584905660377,"% of total country area cultivated"
"Samoa",4471,21,5,16,21,16,76.1904761904762,"Dam capacity per capita"
"Samoa",4538,33,8,25,33,25,75.7575757575758,"% of economically active population active in agriculture"
"Sao Tome and Principe",4103,53,12,41,53,41,77.3584905660377,"Cultivated area (arable land + permanent crops)"
"Sao Tome and Principe",4105,54,12,42,54,42,77.7777777777778,"Rural population"
"Sao Tome and Principe",4107,54,12,42,54,42,77.7777777777778,"Population density"
"Sao Tome and Principe",4108,33,8,25,33,25,75.7575757575758,"Population economically active in agriculture"
"Sao Tome and Principe",4150,53,12,41,53,41,77.3584905660377,"Long-term average annual precipitation in volume"
"Sao Tome and Principe",4157,53,12,41,53,41,77.3584905660377,"Total internal renewable water resources (IRWR)"
"Sao Tome and Principe",4158,53,12,41,53,41,77.3584905660377,"Total internal renewable water resources per capita"
"Sao Tome and Principe",4164,53,12,41,53,41,77.3584905660377,"Surface water: accounted inflow"
"Sao Tome and Principe",4176,53,12,41,53,41,77.3584905660377,"Surface water: total external renewable"
"Sao Tome and Principe",4182,53,12,41,53,41,77.3584905660377,"Water resources: total external renewable"
"Sao Tome and Principe",4188,53,12,41,53,41,77.3584905660377,"Total renewable water resources"
"Sao Tome and Principe",4190,53,12,41,53,41,77.3584905660377,"Total renewable water resources per capita"
"Sao Tome and Principe",4192,53,12,41,53,41,77.3584905660377,"Dependency ratio"
"Sao Tome and Principe",4253,1,1,0,1,0,0,"Total water withdrawal"
"Sao Tome and Principe",4257,1,1,0,1,0,0,"Total water withdrawal per capita"
"Sao Tome and Principe",4263,1,1,0,1,0,0,"Total freshwater withdrawal (primary and secondary)"
"Sao Tome and Principe",4275,1,1,0,1,0,0,"MDG 7.5. Freshwater withdrawal as % of total renewable water resources"
"Sao Tome and Principe",4311,1,1,0,1,0,0,"Area equipped for full control irrigation: total"
"Sao Tome and Principe",4313,1,1,0,1,0,0,"Area equipped for irrigation: total"
"Sao Tome and Principe",4317,1,1,0,1,0,0,"Total agricultural water managed area"
"Sao Tome and Principe",4319,1,1,0,1,0,0,"% of agricultural water managed area equipped for irrigation"
"Sao Tome and Principe",4323,1,1,0,1,0,0,"% of area equipped for irrigation by groundwater"
"Sao Tome and Principe",4324,1,1,0,1,0,0,"% of area equipped for irrigation by surface water"
"Sao Tome and Principe",4325,1,1,0,1,0,0,"% of area equipped for irrigation by mixed surface water and groundwater"
"Sao Tome and Principe",4330,1,1,0,1,0,0,"% of irrigation potential equipped for irrigation"
"Sao Tome and Principe",4331,1,1,0,1,0,0,"% of the cultivated area equipped for irrigation"
"Sao Tome and Principe",4450,1,1,0,1,0,0,"Freshwater withdrawal as % of internal renewable water resources"
"Sao Tome and Principe",4458,45,10,35,45,35,77.7777777777778,"GDP per Capita"
"Sao Tome and Principe",4467,1,1,0,1,0,0,"Freshwater withdrawal as % of total water withdrawal"
"Sao Tome and Principe",4470,53,12,41,53,41,77.3584905660377,"% of total country area cultivated"
"Sao Tome and Principe",4471,1,1,0,1,0,0,"Dam capacity per capita"
"Sao Tome and Principe",4538,33,8,25,33,25,75.7575757575758,"% of economically active population active in agriculture"
"Sao Tome and Principe",4550,1,1,0,1,0,0,"Not defined6"
"Sao Tome and Principe",4556,1,1,0,1,0,0,"Not defined12"
